layer,expert,count
0,0,146
0,1,62
0,2,125
0,3,24
0,4,139
0,5,138
0,6,196
0,7,95
0,8,64
0,9,141
0,10,93
0,11,180
0,12,130
0,13,116
0,14,82
0,15,127
0,16,240
0,17,28
0,18,121
0,19,58
0,20,156
0,21,92
0,22,42
0,23,125
0,24,84
0,25,86
0,26,72
0,27,174
0,28,121
0,29,234
0,30,67
0,31,26
0,32,66
0,33,62
0,34,128
0,35,201
0,36,148
0,37,46
0,38,107
0,39,102
0,40,110
0,41,224
0,42,88
0,43,116
0,44,91
0,45,39
0,46,46
0,47,85
0,48,79
0,49,65
0,50,142
0,51,77
0,52,115
0,53,67
0,54,97
0,55,162
0,56,64
0,57,83
0,58,66
0,59,75
0,60,172
0,61,167
0,62,267
0,63,49
0,64,115
0,65,136
0,66,175
0,67,161
0,68,93
0,69,90
0,70,174
0,71,174
0,72,65
0,73,212
0,74,75
0,75,98
0,76,154
0,77,58
0,78,78
0,79,102
0,80,120
0,81,112
0,82,66
0,83,106
0,84,64
0,85,73
0,86,135
0,87,38
0,88,207
0,89,140
0,90,56
0,91,176
0,92,191
0,93,157
0,94,30
0,95,178
0,96,171
0,97,157
0,98,111
0,99,57
0,100,110
0,101,181
0,102,125
0,103,193
0,104,63
0,105,153
0,106,162
0,107,42
0,108,130
0,109,67
0,110,54
0,111,116
0,112,91
0,113,121
0,114,122
0,115,116
0,116,176
0,117,147
0,118,204
0,119,210
0,120,56
0,121,61
0,122,67
0,123,97
0,124,255
0,125,83
0,126,94
0,127,60
0,128,91
0,129,35
0,130,66
0,131,116
0,132,87
0,133,155
0,134,162
0,135,127
0,136,115
0,137,96
0,138,52
0,139,94
0,140,160
0,141,149
0,142,104
0,143,159
0,144,159
0,145,161
0,146,120
0,147,233
0,148,145
0,149,88
0,150,157
0,151,193
0,152,245
0,153,82
0,154,71
0,155,158
0,156,54
0,157,53
0,158,165
0,159,126
0,160,64
0,161,233
0,162,163
0,163,204
0,164,15
0,165,86
0,166,144
0,167,84
0,168,101
0,169,236
0,170,98
0,171,141
0,172,124
0,173,159
0,174,139
0,175,48
0,176,184
0,177,66
0,178,110
0,179,160
0,180,114
0,181,117
0,182,231
0,183,86
0,184,53
0,185,149
0,186,105
0,187,160
0,188,126
0,189,81
0,190,88
0,191,121
0,192,189
0,193,180
0,194,93
0,195,205
0,196,217
0,197,122
0,198,308
0,199,142
0,200,156
0,201,208
0,202,41
0,203,67
0,204,81
0,205,95
0,206,94
0,207,119
0,208,123
0,209,123
0,210,131
0,211,324
0,212,108
0,213,160
0,214,178
0,215,105
0,216,172
0,217,48
0,218,92
0,219,22
0,220,226
0,221,251
0,222,170
0,223,162
0,224,80
0,225,57
0,226,156
0,227,159
0,228,70
0,229,138
0,230,70
0,231,124
0,232,70
0,233,109
0,234,110
0,235,164
0,236,206
0,237,116
0,238,105
0,239,82
0,240,47
0,241,179
0,242,138
0,243,89
0,244,84
0,245,49
0,246,101
0,247,79
0,248,190
0,249,137
0,250,174
0,251,89
0,252,95
0,253,178
0,254,82
0,255,94
1,0,45
1,1,45
1,2,112
1,3,85
1,4,25
1,5,83
1,6,126
1,7,100
1,8,47
1,9,54
1,10,160
1,11,116
1,12,96
1,13,148
1,14,249
1,15,117
1,16,167
1,17,113
1,18,9
1,19,99
1,20,195
1,21,119
1,22,117
1,23,84
1,24,81
1,25,88
1,26,169
1,27,149
1,28,205
1,29,59
1,30,75
1,31,120
1,32,144
1,33,84
1,34,91
1,35,186
1,36,75
1,37,105
1,38,164
1,39,73
1,40,134
1,41,71
1,42,203
1,43,104
1,44,128
1,45,102
1,46,108
1,47,70
1,48,160
1,49,95
1,50,202
1,51,48
1,52,91
1,53,215
1,54,173
1,55,249
1,56,106
1,57,155
1,58,206
1,59,100
1,60,113
1,61,115
1,62,104
1,63,139
1,64,96
1,65,137
1,66,176
1,67,133
1,68,124
1,69,57
1,70,52
1,71,101
1,72,194
1,73,163
1,74,48
1,75,148
1,76,99
1,77,145
1,78,151
1,79,115
1,80,106
1,81,170
1,82,207
1,83,93
1,84,334
1,85,55
1,86,107
1,87,88
1,88,130
1,89,86
1,90,122
1,91,106
1,92,113
1,93,85
1,94,148
1,95,143
1,96,107
1,97,69
1,98,151
1,99,64
1,100,109
1,101,150
1,102,118
1,103,121
1,104,159
1,105,161
1,106,67
1,107,107
1,108,58
1,109,73
1,110,81
1,111,167
1,112,137
1,113,107
1,114,149
1,115,408
1,116,112
1,117,148
1,118,194
1,119,105
1,120,166
1,121,64
1,122,107
1,123,111
1,124,192
1,125,70
1,126,88
1,127,58
1,128,71
1,129,133
1,130,192
1,131,104
1,132,138
1,133,156
1,134,93
1,135,135
1,136,75
1,137,72
1,138,174
1,139,116
1,140,70
1,141,97
1,142,172
1,143,68
1,144,106
1,145,128
1,146,154
1,147,152
1,148,118
1,149,55
1,150,103
1,151,101
1,152,61
1,153,202
1,154,179
1,155,107
1,156,123
1,157,140
1,158,151
1,159,36
1,160,219
1,161,65
1,162,105
1,163,78
1,164,142
1,165,108
1,166,117
1,167,87
1,168,168
1,169,148
1,170,280
1,171,68
1,172,150
1,173,160
1,174,53
1,175,48
1,176,309
1,177,98
1,178,69
1,179,157
1,180,219
1,181,125
1,182,72
1,183,95
1,184,177
1,185,134
1,186,83
1,187,126
1,188,167
1,189,134
1,190,119
1,191,216
1,192,18
1,193,390
1,194,27
1,195,95
1,196,48
1,197,62
1,198,112
1,199,150
1,200,87
1,201,123
1,202,198
1,203,120
1,204,271
1,205,118
1,206,162
1,207,194
1,208,83
1,209,88
1,210,169
1,211,110
1,212,71
1,213,57
1,214,58
1,215,58
1,216,92
1,217,197
1,218,100
1,219,50
1,220,112
1,221,107
1,222,144
1,223,76
1,224,134
1,225,111
1,226,108
1,227,168
1,228,62
1,229,29
1,230,191
1,231,148
1,232,63
1,233,60
1,234,156
1,235,73
1,236,76
1,237,138
1,238,26
1,239,145
1,240,139
1,241,153
1,242,73
1,243,134
1,244,87
1,245,94
1,246,123
1,247,74
1,248,349
1,249,38
1,250,127
1,251,96
1,252,121
1,253,91
1,254,105
1,255,55
2,0,134
2,1,100
2,2,121
2,3,144
2,4,91
2,5,160
2,6,91
2,7,136
2,8,56
2,9,116
2,10,170
2,11,168
2,12,82
2,13,118
2,14,58
2,15,86
2,16,116
2,17,118
2,18,189
2,19,50
2,20,148
2,21,153
2,22,140
2,23,92
2,24,102
2,25,121
2,26,78
2,27,133
2,28,63
2,29,158
2,30,152
2,31,55
2,32,207
2,33,82
2,34,134
2,35,149
2,36,112
2,37,153
2,38,74
2,39,153
2,40,69
2,41,85
2,42,51
2,43,108
2,44,155
2,45,177
2,46,88
2,47,105
2,48,121
2,49,124
2,50,240
2,51,30
2,52,160
2,53,146
2,54,74
2,55,174
2,56,109
2,57,149
2,58,125
2,59,161
2,60,154
2,61,129
2,62,69
2,63,95
2,64,152
2,65,110
2,66,99
2,67,85
2,68,124
2,69,162
2,70,35
2,71,166
2,72,96
2,73,56
2,74,161
2,75,80
2,76,205
2,77,82
2,78,88
2,79,106
2,80,68
2,81,48
2,82,104
2,83,118
2,84,169
2,85,102
2,86,61
2,87,202
2,88,112
2,89,132
2,90,105
2,91,244
2,92,152
2,93,90
2,94,181
2,95,64
2,96,94
2,97,85
2,98,48
2,99,86
2,100,164
2,101,161
2,102,149
2,103,135
2,104,92
2,105,31
2,106,155
2,107,83
2,108,133
2,109,179
2,110,90
2,111,66
2,112,174
2,113,127
2,114,137
2,115,93
2,116,69
2,117,84
2,118,80
2,119,215
2,120,165
2,121,164
2,122,84
2,123,140
2,124,131
2,125,148
2,126,62
2,127,172
2,128,162
2,129,140
2,130,133
2,131,185
2,132,107
2,133,46
2,134,142
2,135,126
2,136,104
2,137,61
2,138,56
2,139,167
2,140,152
2,141,41
2,142,87
2,143,272
2,144,95
2,145,113
2,146,85
2,147,78
2,148,79
2,149,263
2,150,121
2,151,44
2,152,89
2,153,111
2,154,69
2,155,65
2,156,91
2,157,67
2,158,94
2,159,122
2,160,128
2,161,121
2,162,113
2,163,94
2,164,131
2,165,140
2,166,102
2,167,83
2,168,50
2,169,147
2,170,69
2,171,154
2,172,134
2,173,82
2,174,103
2,175,145
2,176,95
2,177,214
2,178,150
2,179,195
2,180,246
2,181,66
2,182,90
2,183,201
2,184,44
2,185,94
2,186,65
2,187,73
2,188,195
2,189,113
2,190,55
2,191,116
2,192,120
2,193,148
2,194,186
2,195,273
2,196,79
2,197,105
2,198,223
2,199,167
2,200,123
2,201,121
2,202,80
2,203,252
2,204,70
2,205,204
2,206,132
2,207,66
2,208,84
2,209,142
2,210,208
2,211,150
2,212,55
2,213,91
2,214,139
2,215,55
2,216,74
2,217,198
2,218,102
2,219,100
2,220,116
2,221,108
2,222,122
2,223,56
2,224,199
2,225,137
2,226,127
2,227,105
2,228,53
2,229,133
2,230,38
2,231,87
2,232,134
2,233,151
2,234,83
2,235,120
2,236,116
2,237,135
2,238,53
2,239,173
2,240,204
2,241,159
2,242,101
2,243,166
2,244,154
2,245,91
2,246,208
2,247,156
2,248,145
2,249,203
2,250,102
2,251,148
2,252,129
2,253,190
2,254,95
2,255,117
3,0,109
3,1,41
3,2,178
3,3,86
3,4,154
3,5,123
3,6,107
3,7,57
3,8,53
3,9,167
3,10,7
3,11,153
3,12,139
3,13,143
3,14,185
3,15,170
3,16,71
3,17,83
3,18,166
3,19,83
3,20,77
3,21,74
3,22,310
3,23,90
3,24,71
3,25,66
3,26,165
3,27,89
3,28,57
3,29,74
3,30,218
3,31,112
3,32,65
3,33,159
3,34,204
3,35,218
3,36,167
3,37,190
3,38,80
3,39,182
3,40,124
3,41,115
3,42,149
3,43,141
3,44,11
3,45,66
3,46,44
3,47,16
3,48,85
3,49,120
3,50,99
3,51,104
3,52,112
3,53,172
3,54,231
3,55,107
3,56,210
3,57,186
3,58,29
3,59,91
3,60,63
3,61,38
3,62,73
3,63,75
3,64,110
3,65,127
3,66,53
3,67,11
3,68,64
3,69,308
3,70,106
3,71,53
3,72,116
3,73,169
3,74,149
3,75,53
3,76,107
3,77,235
3,78,35
3,79,157
3,80,67
3,81,181
3,82,91
3,83,107
3,84,116
3,85,121
3,86,164
3,87,115
3,88,240
3,89,48
3,90,139
3,91,256
3,92,122
3,93,109
3,94,42
3,95,56
3,96,222
3,97,92
3,98,60
3,99,162
3,100,187
3,101,149
3,102,50
3,103,113
3,104,23
3,105,145
3,106,90
3,107,171
3,108,43
3,109,186
3,110,70
3,111,182
3,112,77
3,113,84
3,114,81
3,115,24
3,116,65
3,117,100
3,118,74
3,119,164
3,120,131
3,121,179
3,122,74
3,123,86
3,124,82
3,125,33
3,126,295
3,127,128
3,128,211
3,129,69
3,130,155
3,131,166
3,132,116
3,133,74
3,134,87
3,135,58
3,136,175
3,137,104
3,138,90
3,139,144
3,140,47
3,141,95
3,142,107
3,143,279
3,144,79
3,145,37
3,146,167
3,147,96
3,148,216
3,149,58
3,150,186
3,151,48
3,152,137
3,153,161
3,154,215
3,155,83
3,156,125
3,157,54
3,158,145
3,159,84
3,160,89
3,161,58
3,162,47
3,163,81
3,164,197
3,165,95
3,166,298
3,167,130
3,168,152
3,169,100
3,170,132
3,171,102
3,172,94
3,173,81
3,174,109
3,175,54
3,176,10
3,177,177
3,178,64
3,179,111
3,180,63
3,181,274
3,182,52
3,183,229
3,184,200
3,185,220
3,186,103
3,187,78
3,188,176
3,189,201
3,190,190
3,191,71
3,192,127
3,193,195
3,194,125
3,195,47
3,196,124
3,197,167
3,198,205
3,199,196
3,200,119
3,201,384
3,202,147
3,203,180
3,204,105
3,205,91
3,206,182
3,207,132
3,208,128
3,209,23
3,210,23
3,211,131
3,212,128
3,213,168
3,214,85
3,215,40
3,216,172
3,217,195
3,218,155
3,219,52
3,220,75
3,221,151
3,222,123
3,223,64
3,224,157
3,225,115
3,226,115
3,227,77
3,228,222
3,229,45
3,230,122
3,231,140
3,232,88
3,233,123
3,234,261
3,235,65
3,236,106
3,237,102
3,238,58
3,239,87
3,240,158
3,241,161
3,242,223
3,243,207
3,244,188
3,245,238
3,246,56
3,247,86
3,248,35
3,249,24
3,250,33
3,251,163
3,252,124
3,253,86
3,254,81
3,255,208
4,0,117
4,1,22
4,2,74
4,3,56
4,4,74
4,5,133
4,6,65
4,7,56
4,8,153
4,9,91
4,10,133
4,11,86
4,12,57
4,13,128
4,14,129
4,15,189
4,16,58
4,17,137
4,18,67
4,19,123
4,20,166
4,21,154
4,22,305
4,23,87
4,24,108
4,25,19
4,26,125
4,27,94
4,28,44
4,29,4
4,30,44
4,31,29
4,32,149
4,33,99
4,34,76
4,35,70
4,36,138
4,37,119
4,38,163
4,39,96
4,40,71
4,41,150
4,42,131
4,43,4
4,44,193
4,45,49
4,46,207
4,47,74
4,48,45
4,49,101
4,50,51
4,51,39
4,52,72
4,53,279
4,54,80
4,55,132
4,56,166
4,57,167
4,58,131
4,59,68
4,60,39
4,61,132
4,62,139
4,63,29
4,64,80
4,65,137
4,66,110
4,67,90
4,68,95
4,69,92
4,70,117
4,71,86
4,72,86
4,73,19
4,74,86
4,75,32
4,76,89
4,77,18
4,78,10
4,79,76
4,80,108
4,81,66
4,82,139
4,83,117
4,84,76
4,85,208
4,86,42
4,87,150
4,88,117
4,89,157
4,90,301
4,91,129
4,92,170
4,93,74
4,94,130
4,95,107
4,96,89
4,97,127
4,98,213
4,99,33
4,100,62
4,101,119
4,102,136
4,103,76
4,104,31
4,105,121
4,106,81
4,107,221
4,108,212
4,109,19
4,110,152
4,111,239
4,112,77
4,113,131
4,114,39
4,115,114
4,116,111
4,117,26
4,118,161
4,119,138
4,120,157
4,121,171
4,122,64
4,123,182
4,124,111
4,125,25
4,126,116
4,127,63
4,128,158
4,129,120
4,130,161
4,131,142
4,132,301
4,133,97
4,134,392
4,135,122
4,136,130
4,137,23
4,138,100
4,139,121
4,140,198
4,141,38
4,142,144
4,143,38
4,144,87
4,145,107
4,146,169
4,147,252
4,148,136
4,149,159
4,150,162
4,151,251
4,152,250
4,153,122
4,154,201
4,155,93
4,156,102
4,157,69
4,158,113
4,159,221
4,160,105
4,161,140
4,162,54
4,163,126
4,164,190
4,165,73
4,166,194
4,167,124
4,168,51
4,169,37
4,170,94
4,171,103
4,172,120
4,173,162
4,174,104
4,175,346
4,176,73
4,177,123
4,178,93
4,179,179
4,180,175
4,181,79
4,182,159
4,183,212
4,184,193
4,185,98
4,186,347
4,187,241
4,188,163
4,189,630
4,190,100
4,191,176
4,192,207
4,193,171
4,194,146
4,195,204
4,196,88
4,197,104
4,198,45
4,199,158
4,200,145
4,201,32
4,202,77
4,203,118
4,204,120
4,205,157
4,206,95
4,207,52
4,208,7
4,209,54
4,210,64
4,211,153
4,212,138
4,213,149
4,214,33
4,215,128
4,216,143
4,217,52
4,218,98
4,219,86
4,220,97
4,221,163
4,222,188
4,223,186
4,224,128
4,225,62
4,226,51
4,227,163
4,228,181
4,229,129
4,230,142
4,231,162
4,232,43
4,233,247
4,234,157
4,235,38
4,236,103
4,237,127
4,238,71
4,239,111
4,240,110
4,241,200
4,242,106
4,243,88
4,244,107
4,245,67
4,246,192
4,247,124
4,248,125
4,249,134
4,250,77
4,251,140
4,252,122
4,253,172
4,254,83
4,255,172
5,0,85
5,1,20
5,2,68
5,3,95
5,4,179
5,5,98
5,6,131
5,7,15
5,8,54
5,9,119
5,10,99
5,11,157
5,12,84
5,13,108
5,14,79
5,15,184
5,16,8
5,17,104
5,18,123
5,19,140
5,20,90
5,21,103
5,22,154
5,23,91
5,24,44
5,25,123
5,26,3
5,27,194
5,28,37
5,29,168
5,30,67
5,31,99
5,32,149
5,33,63
5,34,11
5,35,41
5,36,156
5,37,43
5,38,113
5,39,21
5,40,15
5,41,187
5,42,334
5,43,111
5,44,69
5,45,26
5,46,7
5,47,133
5,48,3
5,49,32
5,50,214
5,51,122
5,52,60
5,53,21
5,54,31
5,55,120
5,56,120
5,57,67
5,58,596
5,59,85
5,60,274
5,61,166
5,62,23
5,63,24
5,64,64
5,65,154
5,66,86
5,67,55
5,68,105
5,69,40
5,70,28
5,71,98
5,72,97
5,73,246
5,74,131
5,75,12
5,76,60
5,77,75
5,78,151
5,79,93
5,80,61
5,81,126
5,82,205
5,83,279
5,84,32
5,85,99
5,86,287
5,87,117
5,88,110
5,89,114
5,90,86
5,91,89
5,92,44
5,93,72
5,94,40
5,95,504
5,96,14
5,97,47
5,98,81
5,99,135
5,100,43
5,101,107
5,102,60
5,103,87
5,104,102
5,105,42
5,106,144
5,107,41
5,108,271
5,109,148
5,110,215
5,111,238
5,112,109
5,113,78
5,114,95
5,115,123
5,116,31
5,117,380
5,118,39
5,119,78
5,120,164
5,121,52
5,122,484
5,123,178
5,124,84
5,125,70
5,126,123
5,127,152
5,128,545
5,129,203
5,130,105
5,131,47
5,132,97
5,133,40
5,134,82
5,135,158
5,136,332
5,137,58
5,138,259
5,139,33
5,140,137
5,141,95
5,142,92
5,143,49
5,144,103
5,145,191
5,146,255
5,147,99
5,148,168
5,149,37
5,150,371
5,151,165
5,152,215
5,153,281
5,154,150
5,155,98
5,156,27
5,157,134
5,158,128
5,159,165
5,160,116
5,161,126
5,162,72
5,163,127
5,164,190
5,165,167
5,166,198
5,167,25
5,168,63
5,169,82
5,170,101
5,171,48
5,172,207
5,173,110
5,174,134
5,175,79
5,176,73
5,177,124
5,178,69
5,179,12
5,180,41
5,181,105
5,182,71
5,183,26
5,184,228
5,185,56
5,186,161
5,187,57
5,188,86
5,189,90
5,190,134
5,191,77
5,192,310
5,193,121
5,194,133
5,195,267
5,196,300
5,197,79
5,198,78
5,199,2
5,200,63
5,201,33
5,202,113
5,203,127
5,204,106
5,205,142
5,206,95
5,207,178
5,208,456
5,209,84
5,210,459
5,211,53
5,212,376
5,213,156
5,214,174
5,215,87
5,216,129
5,217,15
5,218,89
5,219,33
5,220,91
5,221,246
5,222,214
5,223,141
5,224,88
5,225,136
5,226,65
5,227,144
5,228,25
5,229,71
5,230,164
5,231,217
5,232,51
5,233,134
5,234,63
5,235,145
5,236,58
5,237,98
5,238,191
5,239,147
5,240,25
5,241,64
5,242,52
5,243,107
5,244,57
5,245,272
5,246,147
5,247,63
5,248,83
5,249,111
5,250,181
5,251,196
5,252,121
5,253,54
5,254,71
5,255,92
6,0,308
6,1,55
6,2,122
6,3,110
6,4,49
6,5,43
6,6,10
6,7,194
6,8,32
6,9,35
6,10,37
6,11,78
6,12,455
6,13,41
6,14,131
6,15,45
6,16,115
6,17,15
6,18,138
6,19,83
6,20,122
6,21,145
6,22,86
6,23,73
6,24,44
6,25,71
6,26,133
6,27,93
6,28,60
6,29,2
6,30,292
6,31,73
6,32,26
6,33,299
6,34,215
6,35,37
6,36,82
6,37,145
6,38,55
6,39,243
6,40,76
6,41,21
6,42,65
6,43,178
6,44,240
6,45,199
6,46,86
6,47,89
6,48,23
6,49,132
6,50,175
6,51,203
6,52,117
6,53,121
6,54,151
6,55,91
6,56,50
6,57,153
6,58,14
6,59,79
6,60,237
6,61,43
6,62,145
6,63,92
6,64,62
6,65,121
6,66,151
6,67,84
6,68,120
6,69,67
6,70,51
6,71,28
6,72,262
6,73,41
6,74,49
6,75,123
6,76,202
6,77,115
6,78,50
6,79,147
6,80,36
6,81,49
6,82,118
6,83,170
6,84,286
6,85,62
6,86,23
6,87,217
6,88,445
6,89,150
6,90,139
6,91,104
6,92,166
6,93,121
6,94,36
6,95,19
6,96,81
6,97,87
6,98,127
6,99,17
6,100,47
6,101,88
6,102,430
6,103,83
6,104,33
6,105,34
6,106,19
6,107,86
6,108,33
6,109,25
6,110,46
6,111,89
6,112,152
6,113,203
6,114,139
6,115,123
6,116,25
6,117,43
6,118,243
6,119,130
6,120,313
6,121,217
6,122,238
6,123,84
6,124,59
6,125,503
6,126,60
6,127,99
6,128,44
6,129,150
6,130,196
6,131,88
6,132,99
6,133,173
6,134,83
6,135,288
6,136,102
6,137,230
6,138,143
6,139,96
6,140,86
6,141,334
6,142,46
6,143,103
6,144,190
6,145,324
6,146,73
6,147,83
6,148,37
6,149,101
6,150,14
6,151,89
6,152,116
6,153,193
6,154,231
6,155,72
6,156,82
6,157,70
6,158,52
6,159,209
6,160,122
6,161,189
6,162,5
6,163,60
6,164,102
6,165,104
6,166,66
6,167,158
6,168,152
6,169,138
6,170,311
6,171,72
6,172,82
6,173,81
6,174,46
6,175,109
6,176,264
6,177,158
6,178,49
6,179,249
6,180,13
6,181,198
6,182,111
6,183,158
6,184,103
6,185,154
6,186,61
6,187,29
6,188,46
6,189,42
6,190,84
6,191,244
6,192,150
6,193,123
6,194,67
6,195,68
6,196,172
6,197,112
6,198,287
6,199,102
6,200,50
6,201,4
6,202,175
6,203,118
6,204,160
6,205,245
6,206,94
6,207,57
6,208,309
6,209,170
6,210,375
6,211,101
6,212,287
6,213,117
6,214,42
6,215,109
6,216,19
6,217,73
6,218,363
6,219,26
6,220,190
6,221,217
6,222,15
6,223,131
6,224,29
6,225,69
6,226,132
6,227,81
6,228,147
6,229,43
6,230,153
6,231,55
6,232,46
6,233,127
6,234,169
6,235,88
6,236,111
6,237,290
6,238,153
6,239,45
6,240,345
6,241,138
6,242,44
6,243,164
6,244,16
6,245,63
6,246,83
6,247,28
6,248,47
6,249,105
6,250,31
6,251,104
6,252,243
6,253,166
6,254,82
6,255,128
7,0,6
7,1,14
7,2,178
7,3,189
7,4,99
7,5,12
7,6,52
7,7,75
7,8,39
7,9,33
7,10,56
7,11,494
7,12,155
7,13,132
7,14,85
7,15,166
7,16,170
7,17,113
7,18,236
7,19,128
7,20,156
7,21,71
7,22,84
7,23,175
7,24,27
7,25,247
7,26,126
7,27,243
7,28,66
7,29,141
7,30,328
7,31,87
7,32,169
7,33,429
7,34,166
7,35,140
7,36,82
7,37,104
7,38,115
7,39,173
7,40,45
7,41,61
7,42,49
7,43,79
7,44,85
7,45,34
7,46,73
7,47,92
7,48,16
7,49,136
7,50,34
7,51,125
7,52,66
7,53,154
7,54,358
7,55,118
7,56,83
7,57,169
7,58,45
7,59,101
7,60,42
7,61,180
7,62,20
7,63,37
7,64,92
7,65,54
7,66,122
7,67,63
7,68,67
7,69,138
7,70,117
7,71,18
7,72,195
7,73,43
7,74,22
7,75,240
7,76,116
7,77,13
7,78,539
7,79,32
7,80,41
7,81,599
7,82,63
7,83,58
7,84,120
7,85,167
7,86,68
7,87,32
7,88,232
7,89,23
7,90,114
7,91,197
7,92,29
7,93,2
7,94,51
7,95,76
7,96,124
7,97,166
7,98,79
7,99,92
7,100,25
7,101,49
7,102,41
7,103,13
7,104,797
7,105,116
7,106,45
7,107,138
7,108,250
7,109,62
7,110,147
7,111,602
7,112,65
7,113,57
7,114,56
7,115,20
7,116,28
7,117,170
7,118,295
7,119,131
7,120,180
7,121,15
7,122,24
7,123,73
7,124,25
7,125,193
7,126,185
7,127,80
7,128,47
7,129,121
7,130,28
7,131,155
7,132,320
7,133,96
7,134,43
7,135,14
7,136,99
7,137,62
7,138,36
7,139,131
7,140,164
7,141,104
7,142,460
7,143,55
7,144,47
7,145,163
7,146,29
7,147,115
7,148,30
7,149,170
7,150,168
7,151,582
7,152,76
7,153,175
7,154,21
7,155,40
7,156,94
7,157,162
7,158,85
7,159,93
7,160,268
7,161,129
7,162,268
7,163,146
7,164,100
7,165,106
7,166,67
7,167,66
7,168,104
7,169,289
7,170,14
7,171,135
7,172,87
7,173,35
7,174,55
7,175,24
7,176,103
7,177,222
7,178,187
7,179,42
7,180,370
7,181,199
7,182,19
7,183,38
7,184,217
7,185,386
7,186,53
7,187,209
7,188,77
7,189,259
7,190,70
7,191,118
7,192,79
7,193,64
7,194,140
7,195,134
7,196,15
7,197,41
7,198,64
7,199,97
7,200,50
7,201,60
7,202,38
7,203,193
7,204,122
7,205,107
7,206,82
7,207,126
7,208,98
7,209,28
7,210,82
7,211,39
7,212,166
7,213,86
7,214,11
7,215,33
7,216,237
7,217,54
7,218,167
7,219,26
7,220,11
7,221,112
7,222,40
7,223,155
7,224,216
7,225,86
7,226,155
7,227,228
7,228,150
7,229,146
7,230,72
7,231,90
7,232,103
7,233,33
7,234,7
7,235,53
7,236,166
7,237,243
7,238,157
7,239,31
7,240,69
7,241,72
7,242,102
7,243,143
7,244,283
7,245,266
7,246,229
7,247,63
7,248,233
7,249,19
7,250,44
7,251,173
7,252,78
7,253,82
7,254,60
7,255,47
8,0,51
8,1,70
8,2,11
8,3,80
8,4,152
8,5,14
8,6,32
8,7,45
8,8,47
8,9,7
8,10,26
8,11,69
8,12,421
8,13,35
8,14,71
8,15,1
8,16,582
8,17,42
8,18,30
8,19,342
8,20,88
8,21,37
8,22,534
8,23,94
8,24,121
8,25,92
8,26,20
8,27,12
8,28,42
8,29,126
8,30,171
8,31,22
8,32,40
8,33,78
8,34,85
8,35,120
8,36,117
8,37,52
8,38,111
8,39,30
8,40,329
8,41,154
8,42,74
8,43,11
8,44,65
8,45,50
8,46,5
8,47,45
8,48,10
8,49,104
8,50,91
8,51,33
8,52,29
8,53,606
8,54,158
8,55,13
8,56,67
8,57,63
8,58,81
8,59,20
8,60,47
8,61,191
8,62,14
8,63,94
8,64,267
8,65,96
8,66,30
8,67,29
8,68,70
8,69,33
8,70,77
8,71,246
8,72,416
8,73,111
8,74,287
8,75,106
8,76,1
8,77,6
8,78,66
8,79,12
8,80,204
8,81,113
8,82,53
8,83,62
8,84,9
8,85,295
8,86,107
8,87,58
8,88,41
8,89,107
8,90,35
8,91,39
8,92,26
8,93,47
8,94,93
8,95,10
8,96,52
8,97,154
8,98,656
8,99,104
8,100,65
8,101,111
8,102,96
8,103,104
8,104,162
8,105,115
8,106,298
8,107,98
8,108,281
8,109,14
8,110,57
8,111,109
8,112,149
8,113,269
8,114,61
8,115,72
8,116,172
8,117,495
8,118,20
8,119,41
8,120,66
8,121,93
8,122,148
8,123,97
8,124,45
8,125,27
8,126,230
8,127,99
8,128,5
8,129,5
8,130,70
8,131,70
8,132,63
8,133,290
8,134,158
8,135,231
8,136,145
8,137,205
8,138,71
8,139,37
8,140,196
8,141,57
8,142,149
8,143,33
8,144,62
8,145,12
8,146,96
8,147,9
8,148,661
8,149,181
8,150,85
8,151,210
8,152,14
8,153,11
8,154,115
8,155,105
8,156,70
8,157,144
8,158,211
8,159,114
8,160,67
8,161,42
8,162,40
8,163,124
8,164,173
8,165,70
8,166,92
8,167,2
8,168,100
8,169,2
8,170,241
8,171,159
8,172,22
8,173,63
8,174,184
8,175,288
8,176,27
8,177,35
8,178,55
8,179,40
8,180,107
8,181,256
8,182,709
8,183,173
8,184,184
8,185,30
8,186,42
8,187,127
8,188,70
8,189,176
8,190,27
8,191,66
8,192,42
8,193,130
8,194,67
8,195,564
8,196,87
8,197,72
8,198,242
8,199,85
8,200,102
8,201,52
8,202,74
8,203,72
8,204,9
8,205,85
8,206,73
8,207,45
8,208,393
8,209,64
8,210,178
8,211,55
8,212,61
8,213,14
8,214,45
8,215,25
8,216,140
8,217,50
8,218,55
8,219,161
8,220,210
8,221,143
8,222,35
8,223,106
8,224,742
8,225,32
8,226,59
8,227,452
8,228,258
8,229,53
8,230,34
8,231,19
8,232,15
8,233,974
8,234,135
8,235,56
8,236,474
8,237,147
8,238,88
8,239,134
8,240,189
8,241,70
8,242,101
8,243,115
8,244,129
8,245,249
8,246,64
8,247,93
8,248,162
8,249,99
8,250,184
8,251,56
8,252,93
8,253,189
8,254,82
8,255,5
9,0,40
9,1,128
9,2,147
9,3,91
9,4,22
9,5,60
9,6,53
9,7,137
9,8,101
9,9,63
9,10,74
9,11,59
9,12,81
9,13,18
9,14,22
9,15,79
9,16,43
9,17,31
9,18,77
9,19,122
9,20,304
9,21,14
9,22,99
9,23,158
9,24,27
9,25,232
9,26,256
9,27,21
9,28,3
9,29,118
9,30,28
9,31,89
9,32,50
9,33,174
9,34,122
9,35,159
9,36,117
9,37,202
9,38,343
9,39,92
9,40,81
9,41,21
9,42,13
9,43,247
9,44,57
9,45,310
9,46,38
9,47,125
9,48,16
9,49,5
9,50,89
9,51,55
9,52,24
9,53,78
9,54,382
9,55,408
9,56,129
9,57,88
9,58,118
9,59,59
9,60,64
9,61,84
9,62,98
9,63,138
9,64,182
9,65,1
9,66,11
9,67,85
9,68,33
9,69,72
9,70,22
9,71,138
9,72,85
9,73,291
9,74,31
9,75,16
9,76,11
9,77,216
9,78,200
9,79,118
9,80,120
9,81,656
9,82,2
9,83,26
9,84,63
9,85,62
9,86,123
9,87,105
9,88,207
9,89,54
9,90,102
9,91,89
9,92,53
9,93,55
9,94,136
9,95,259
9,96,59
9,97,111
9,98,198
9,99,806
9,100,474
9,101,7
9,102,15
9,103,221
9,104,178
9,105,71
9,106,20
9,107,252
9,108,13
9,109,148
9,110,51
9,111,33
9,112,67
9,113,79
9,114,213
9,115,188
9,116,211
9,117,17
9,118,173
9,119,52
9,120,254
9,121,224
9,122,97
9,123,46
9,124,116
9,125,250
9,126,140
9,127,95
9,128,11
9,129,45
9,130,40
9,131,50
9,132,106
9,133,34
9,134,271
9,135,153
9,136,129
9,137,194
9,138,23
9,139,30
9,140,72
9,141,121
9,142,13
9,143,134
9,144,54
9,145,41
9,146,171
9,147,17
9,148,66
9,149,132
9,150,76
9,151,50
9,152,112
9,153,14
9,154,83
9,155,110
9,156,173
9,157,66
9,158,142
9,159,352
9,160,50
9,161,241
9,162,101
9,163,41
9,164,206
9,165,116
9,166,710
9,167,24
9,168,40
9,169,171
9,170,146
9,171,180
9,172,186
9,173,6
9,174,89
9,175,154
9,176,37
9,177,146
9,178,159
9,179,74
9,180,119
9,181,16
9,182,69
9,183,75
9,184,80
9,185,22
9,186,74
9,187,46
9,188,211
9,189,63
9,190,205
9,191,205
9,192,38
9,193,189
9,194,135
9,195,34
9,196,49
9,197,85
9,198,284
9,199,36
9,200,42
9,201,175
9,202,7
9,203,224
9,204,69
9,205,58
9,206,130
9,207,309
9,208,107
9,209,86
9,210,56
9,211,239
9,212,65
9,213,53
9,214,27
9,215,131
9,216,81
9,217,68
9,218,105
9,219,78
9,220,36
9,221,71
9,222,162
9,223,78
9,224,592
9,225,277
9,226,844
9,227,102
9,228,169
9,229,64
9,230,116
9,231,22
9,232,88
9,233,803
9,234,44
9,235,102
9,236,30
9,237,69
9,238,70
9,239,115
9,240,73
9,241,188
9,242,80
9,243,270
9,244,12
9,245,155
9,246,66
9,247,7
9,248,56
9,249,50
9,250,31
9,251,136
9,252,27
9,253,13
9,254,352
9,255,189
10,0,107
10,1,69
10,2,149
10,3,45
10,4,130
10,5,82
10,6,127
10,7,39
10,8,36
10,9,138
10,10,203
10,11,135
10,12,126
10,13,221
10,14,80
10,15,7
10,16,120
10,17,108
10,18,176
10,19,189
10,20,19
10,21,191
10,22,174
10,23,276
10,24,88
10,25,69
10,26,186
10,27,258
10,28,51
10,29,211
10,30,67
10,31,124
10,32,196
10,33,295
10,34,113
10,35,52
10,36,195
10,37,143
10,38,404
10,39,50
10,40,26
10,41,119
10,42,30
10,43,194
10,44,136
10,45,125
10,46,53
10,47,29
10,48,368
10,49,101
10,50,94
10,51,18
10,52,42
10,53,25
10,54,182
10,55,53
10,56,45
10,57,5
10,58,33
10,59,70
10,60,154
10,61,126
10,62,41
10,63,26
10,64,45
10,65,157
10,66,21
10,67,2
10,68,82
10,69,228
10,70,63
10,71,136
10,72,54
10,73,33
10,74,106
10,75,143
10,76,268
10,77,106
10,78,88
10,79,57
10,80,186
10,81,324
10,82,122
10,83,204
10,84,79
10,85,33
10,86,80
10,87,36
10,88,139
10,89,150
10,90,132
10,91,98
10,92,32
10,93,161
10,94,152
10,95,205
10,96,179
10,97,14
10,98,122
10,99,32
10,100,84
10,101,33
10,102,47
10,103,1
10,104,157
10,105,144
10,106,26
10,107,29
10,108,171
10,109,63
10,110,100
10,111,85
10,112,20
10,113,242
10,114,39
10,115,169
10,116,367
10,117,71
10,118,191
10,119,21
10,120,89
10,121,154
10,122,140
10,123,90
10,124,68
10,125,142
10,126,195
10,127,108
10,128,36
10,129,135
10,130,139
10,131,249
10,132,282
10,133,266
10,134,337
10,135,326
10,136,88
10,137,67
10,138,13
10,139,36
10,140,33
10,141,75
10,142,91
10,143,11
10,144,128
10,145,92
10,146,104
10,147,98
10,148,203
10,149,359
10,150,85
10,151,160
10,152,179
10,153,29
10,154,115
10,155,83
10,156,149
10,157,144
10,158,14
10,159,146
10,160,109
10,161,74
10,162,125
10,163,133
10,164,17
10,165,188
10,166,174
10,167,199
10,168,330
10,169,191
10,170,30
10,171,167
10,172,363
10,173,28
10,174,24
10,175,155
10,176,128
10,177,142
10,178,106
10,179,123
10,180,37
10,181,1
10,182,118
10,183,159
10,184,305
10,185,112
10,186,458
10,187,146
10,188,52
10,189,172
10,190,347
10,191,112
10,192,145
10,193,99
10,194,18
10,195,102
10,196,125
10,197,55
10,198,227
10,199,72
10,200,12
10,201,9
10,202,56
10,203,90
10,204,61
10,205,95
10,206,182
10,207,307
10,208,143
10,209,19
10,210,294
10,211,126
10,212,116
10,213,124
10,214,69
10,215,111
10,216,81
10,217,348
10,218,71
10,219,162
10,220,89
10,221,160
10,222,14
10,223,7
10,224,68
10,225,29
10,226,296
10,227,214
10,228,38
10,229,81
10,230,49
10,231,123
10,232,63
10,233,167
10,234,188
10,235,10
10,236,95
10,237,39
10,238,164
10,239,27
10,240,75
10,241,58
10,242,218
10,243,114
10,244,49
10,245,92
10,246,37
10,247,90
10,248,105
10,249,127
10,250,339
10,251,315
10,252,37
10,253,122
10,254,33
10,255,145
11,0,186
11,1,67
11,2,29
11,3,199
11,4,174
11,5,74
11,6,13
11,7,35
11,8,3
11,9,70
11,10,132
11,11,140
11,12,123
11,13,174
11,14,68
11,15,143
11,16,68
11,17,128
11,18,137
11,19,92
11,20,110
11,21,131
11,22,126
11,23,311
11,24,154
11,25,274
11,26,218
11,27,69
11,28,106
11,29,132
11,30,36
11,31,134
11,32,220
11,33,184
11,34,141
11,35,190
11,36,133
11,37,105
11,38,174
11,39,121
11,40,96
11,41,230
11,42,157
11,43,118
11,44,211
11,45,179
11,46,62
11,47,101
11,48,78
11,49,54
11,50,16
11,51,102
11,52,122
11,53,112
11,54,75
11,55,44
11,56,43
11,57,181
11,58,187
11,59,100
11,60,231
11,61,142
11,62,92
11,63,166
11,64,89
11,65,34
11,66,29
11,67,19
11,68,29
11,69,77
11,70,71
11,71,26
11,72,78
11,73,275
11,74,215
11,75,131
11,76,114
11,77,265
11,78,157
11,79,87
11,80,212
11,81,247
11,82,91
11,83,274
11,84,10
11,85,98
11,86,105
11,87,116
11,88,151
11,89,61
11,90,153
11,91,163
11,92,137
11,93,29
11,94,65
11,95,61
11,96,84
11,97,353
11,98,168
11,99,89
11,100,24
11,101,63
11,102,179
11,103,10
11,104,69
11,105,223
11,106,49
11,107,128
11,108,99
11,109,99
11,110,67
11,111,88
11,112,174
11,113,10
11,114,53
11,115,2
11,116,124
11,117,594
11,118,130
11,119,45
11,120,26
11,121,275
11,122,10
11,123,325
11,124,234
11,125,13
11,126,72
11,127,409
11,128,130
11,129,139
11,130,100
11,131,19
11,132,181
11,133,81
11,134,418
11,135,168
11,136,123
11,137,31
11,138,81
11,139,303
11,140,95
11,141,143
11,142,138
11,143,184
11,144,66
11,145,239
11,146,15
11,147,114
11,148,60
11,149,101
11,150,190
11,151,58
11,152,84
11,153,124
11,154,31
11,155,90
11,156,60
11,157,36
11,158,154
11,159,28
11,160,107
11,161,203
11,162,157
11,163,79
11,164,136
11,165,42
11,166,279
11,167,76
11,168,90
11,169,95
11,170,111
11,171,143
11,172,132
11,173,96
11,174,105
11,175,52
11,176,93
11,177,75
11,178,384
11,179,25
11,180,150
11,181,87
11,182,39
11,183,117
11,184,124
11,185,30
11,186,111
11,187,222
11,188,103
11,189,172
11,190,8
11,191,121
11,192,261
11,193,77
11,194,286
11,195,80
11,196,141
11,197,6
11,198,13
11,199,90
11,200,90
11,201,142
11,202,94
11,203,39
11,204,180
11,205,155
11,206,124
11,207,112
11,208,10
11,209,111
11,210,69
11,211,37
11,212,2
11,213,84
11,214,260
11,215,164
11,216,118
11,217,47
11,218,242
11,219,28
11,220,145
11,221,161
11,222,100
11,223,209
11,224,152
11,225,196
11,226,131
11,227,79
11,228,93
11,229,43
11,230,237
11,231,64
11,232,77
11,233,239
11,234,67
11,235,60
11,236,21
11,237,52
11,238,53
11,239,210
11,240,96
11,241,115
11,242,35
11,243,228
11,244,135
11,245,169
11,246,67
11,247,154
11,248,95
11,249,306
11,250,16
11,251,48
11,252,44
11,253,297
11,254,39
11,255,129
12,0,226
12,1,69
12,2,613
12,3,136
12,4,83
12,5,45
12,6,53
12,7,2
12,8,81
12,9,485
12,10,649
12,11,69
12,12,44
12,13,172
12,14,234
12,15,203
12,16,271
12,17,178
12,18,35
12,19,7
12,20,13
12,21,331
12,22,85
12,23,38
12,24,48
12,25,100
12,26,111
12,27,111
12,28,22
12,29,5
12,30,67
12,31,12
12,32,120
12,33,82
12,34,149
12,35,51
12,36,28
12,37,31
12,38,373
12,39,313
12,40,98
12,41,248
12,42,199
12,43,122
12,44,189
12,45,116
12,46,144
12,47,49
12,48,124
12,49,40
12,50,113
12,51,87
12,52,53
12,53,195
12,54,52
12,55,152
12,56,36
12,57,3
12,58,99
12,59,27
12,60,144
12,61,33
12,62,193
12,63,151
12,64,92
12,65,85
12,66,2
12,67,128
12,68,111
12,69,118
12,70,74
12,71,37
12,72,98
12,73,91
12,74,180
12,75,111
12,76,226
12,77,140
12,78,37
12,79,208
12,80,130
12,81,58
12,82,84
12,83,132
12,84,55
12,85,118
12,86,6
12,87,271
12,88,102
12,89,74
12,90,151
12,91,151
12,92,373
12,93,240
12,94,79
12,95,99
12,96,44
12,97,10
12,98,142
12,99,205
12,100,106
12,101,36
12,102,143
12,103,19
12,104,63
12,105,107
12,106,97
12,107,53
12,108,12
12,109,324
12,110,21
12,111,38
12,112,157
12,113,114
12,114,17
12,115,70
12,116,270
12,117,129
12,118,58
12,119,109
12,120,34
12,121,5
12,122,162
12,123,88
12,124,197
12,125,29
12,126,126
12,127,56
12,128,242
12,129,18
12,130,10
12,131,145
12,132,1
12,133,34
12,134,16
12,135,47
12,136,126
12,137,112
12,138,30
12,139,15
12,140,2
12,141,305
12,142,124
12,143,50
12,144,189
12,145,151
12,146,114
12,147,35
12,148,156
12,149,344
12,150,66
12,151,96
12,152,63
12,153,117
12,154,58
12,155,31
12,156,37
12,157,163
12,158,14
12,159,210
12,160,131
12,161,152
12,162,118
12,163,167
12,164,139
12,165,72
12,166,148
12,167,105
12,168,1
12,169,195
12,170,5
12,171,43
12,172,134
12,173,12
12,174,168
12,175,195
12,176,460
12,177,31
12,178,157
12,179,736
12,180,90
12,181,15
12,182,57
12,183,6
12,184,173
12,185,150
12,186,203
12,187,71
12,188,227
12,189,71
12,190,31
12,191,76
12,192,175
12,193,42
12,194,210
12,195,153
12,196,655
12,197,81
12,198,281
12,199,95
12,200,35
12,201,43
12,202,384
12,203,136
12,204,43
12,205,27
12,206,47
12,207,77
12,208,149
12,209,98
12,210,38
12,211,222
12,212,123
12,213,178
12,214,43
12,215,14
12,216,159
12,217,26
12,218,175
12,219,330
12,220,222
12,221,127
12,222,143
12,223,139
12,224,105
12,225,125
12,226,73
12,227,4
12,228,67
12,229,156
12,230,7
12,231,41
12,232,147
12,233,27
12,234,12
12,235,88
12,236,36
12,237,126
12,238,187
12,239,102
12,240,278
12,241,12
12,242,139
12,243,151
12,244,10
12,245,68
12,246,82
12,247,146
12,248,107
12,249,26
12,250,330
12,251,188
12,252,146
12,253,245
12,254,135
12,255,142
13,0,118
13,1,92
13,2,220
13,3,251
13,4,166
13,5,140
13,6,115
13,7,12
13,8,49
13,9,56
13,10,2
13,11,286
13,12,48
13,13,45
13,14,72
13,15,160
13,16,28
13,17,93
13,18,15
13,19,140
13,20,110
13,21,91
13,22,44
13,23,29
13,24,50
13,25,38
13,26,138
13,27,15
13,28,13
13,29,145
13,30,82
13,31,17
13,32,91
13,33,142
13,34,192
13,35,48
13,36,17
13,37,247
13,38,52
13,39,83
13,40,498
13,41,2
13,42,118
13,43,167
13,44,294
13,45,538
13,46,112
13,47,55
13,48,3
13,49,51
13,50,76
13,51,18
13,52,136
13,53,52
13,54,66
13,55,161
13,56,22
13,57,114
13,58,352
13,59,42
13,61,54
13,62,15
13,63,16
13,64,159
13,65,109
13,66,271
13,67,114
13,68,102
13,69,30
13,70,315
13,71,97
13,72,63
13,73,59
13,74,73
13,75,42
13,76,59
13,77,36
13,78,185
13,79,37
13,80,63
13,81,4
13,82,59
13,83,1005
13,84,151
13,85,105
13,86,113
13,87,84
13,88,39
13,89,302
13,90,282
13,91,76
13,92,48
13,93,440
13,94,76
13,95,102
13,96,38
13,97,75
13,98,80
13,99,41
13,100,128
13,101,121
13,102,38
13,103,91
13,104,136
13,105,172
13,106,70
13,107,67
13,108,11
13,109,200
13,110,34
13,111,50
13,112,118
13,113,172
13,114,158
13,115,126
13,116,104
13,117,35
13,118,126
13,119,203
13,120,197
13,121,239
13,122,9
13,123,63
13,124,37
13,125,23
13,126,18
13,127,372
13,128,157
13,129,22
13,130,146
13,131,127
13,132,89
13,133,19
13,134,145
13,135,76
13,136,56
13,137,62
13,138,99
13,139,184
13,140,110
13,141,335
13,142,65
13,143,37
13,144,479
13,145,18
13,146,137
13,147,216
13,148,135
13,149,129
13,150,37
13,151,647
13,152,200
13,153,330
13,154,120
13,155,32
13,156,18
13,157,71
13,158,40
13,159,75
13,160,81
13,161,143
13,162,405
13,163,8
13,164,79
13,165,395
13,166,173
13,167,70
13,168,79
13,169,34
13,170,219
13,171,365
13,172,16
13,173,22
13,174,69
13,175,65
13,176,92
13,177,88
13,178,173
13,179,128
13,180,94
13,181,1
13,182,114
13,183,510
13,184,33
13,185,102
13,186,52
13,187,377
13,188,47
13,189,365
13,190,3
13,191,153
13,192,99
13,193,70
13,194,52
13,195,79
13,196,13
13,197,2
13,198,60
13,199,85
13,200,139
13,201,109
13,202,312
13,203,26
13,204,88
13,205,59
13,206,156
13,207,146
13,208,553
13,209,90
13,210,2
13,211,93
13,212,185
13,213,6
13,214,30
13,215,372
13,216,516
13,217,3
13,218,30
13,219,211
13,220,110
13,221,78
13,222,75
13,223,116
13,224,26
13,225,76
13,226,191
13,227,98
13,228,143
13,229,34
13,230,79
13,231,63
13,232,184
13,233,162
13,234,102
13,235,64
13,236,97
13,237,38
13,238,10
13,239,15
13,240,65
13,241,117
13,242,210
13,243,277
13,244,7
13,245,29
13,246,56
13,247,64
13,248,205
13,249,22
13,250,18
13,251,213
13,252,106
13,253,231
13,254,133
13,255,118
14,0,138
14,1,8
14,2,32
14,3,44
14,4,205
14,5,29
14,6,71
14,7,72
14,8,107
14,9,160
14,10,31
14,11,39
14,12,112
14,13,20
14,14,13
14,15,45
14,16,4
14,17,72
14,18,100
14,19,41
14,20,224
14,21,139
14,22,64
14,23,17
14,24,110
14,25,37
14,26,250
14,27,8
14,28,459
14,29,158
14,30,208
14,31,92
14,32,95
14,33,13
14,34,61
14,35,339
14,36,23
14,37,22
14,38,135
14,39,109
14,40,78
14,41,294
14,42,14
14,43,3
14,44,336
14,45,118
14,46,27
14,47,20
14,48,10
14,49,95
14,50,160
14,51,331
14,52,134
14,53,38
14,54,229
14,55,514
14,56,125
14,57,114
14,58,994
14,59,206
14,60,63
14,61,163
14,62,34
14,63,109
14,64,63
14,65,22
14,66,16
14,67,492
14,68,137
14,69,2
14,70,91
14,71,119
14,72,56
14,73,192
14,74,68
14,75,23
14,76,9
14,77,199
14,78,25
14,79,1
14,80,46
14,81,122
14,82,83
14,83,26
14,84,32
14,85,177
14,86,128
14,87,126
14,88,288
14,89,52
14,90,394
14,91,228
14,92,113
14,93,71
14,94,316
14,95,77
14,96,157
14,97,175
14,98,36
14,99,42
14,100,23
14,101,53
14,102,83
14,103,98
14,104,88
14,105,104
14,106,141
14,107,189
14,108,22
14,109,91
14,110,157
14,111,10
14,112,178
14,113,34
14,114,133
14,115,470
14,116,544
14,117,130
14,118,9
14,119,141
14,120,32
14,121,40
14,122,25
14,123,140
14,124,116
14,125,107
14,126,26
14,127,189
14,128,105
14,129,10
14,130,236
14,131,34
14,132,837
14,133,141
14,134,201
14,135,2
14,136,77
14,137,134
14,138,104
14,139,89
14,140,279
14,141,9
14,142,104
14,143,144
14,144,26
14,145,23
14,146,46
14,147,132
14,148,119
14,149,35
14,150,166
14,151,79
14,152,24
14,153,20
14,154,84
14,155,46
14,156,88
14,157,7
14,158,175
14,159,119
14,160,67
14,161,28
14,163,643
14,164,51
14,165,129
14,166,105
14,167,256
14,168,29
14,169,98
14,170,35
14,171,110
14,172,105
14,173,335
14,174,9
14,175,7
14,176,45
14,177,60
14,178,21
14,179,24
14,180,56
14,181,64
14,182,32
14,183,17
14,184,370
14,185,87
14,186,17
14,187,19
14,188,23
14,189,660
14,190,88
14,191,202
14,192,18
14,193,107
14,194,142
14,195,48
14,196,59
14,197,124
14,198,148
14,199,32
14,200,147
14,201,791
14,202,350
14,203,87
14,204,169
14,205,48
14,206,26
14,207,80
14,208,6
14,209,133
14,210,56
14,211,228
14,212,813
14,213,44
14,214,106
14,215,165
14,216,101
14,217,218
14,218,4
14,219,17
14,220,87
14,221,37
14,222,23
14,223,131
14,224,90
14,225,210
14,226,30
14,227,14
14,228,8
14,229,529
14,230,129
14,231,293
14,232,5
14,233,16
14,234,128
14,235,90
14,236,197
14,237,10
14,238,35
14,239,45
14,240,146
14,241,26
14,242,78
14,243,92
14,244,163
14,246,58
14,247,4
14,248,409
14,249,22
14,250,38
14,251,84
14,252,71
14,253,102
14,254,103
14,255,3
15,0,88
15,1,183
15,2,114
15,3,206
15,4,87
15,5,27
15,6,46
15,7,15
15,8,19
15,9,39
15,10,1
15,11,151
15,12,165
15,13,17
15,14,43
15,15,164
15,16,243
15,17,27
15,18,71
15,19,1
15,20,120
15,21,237
15,22,17
15,23,77
15,24,80
15,25,148
15,26,17
15,27,126
15,28,282
15,29,106
15,30,253
15,31,42
15,32,25
15,33,146
15,34,249
15,35,55
15,36,145
15,37,98
15,38,25
15,39,55
15,41,171
15,42,354
15,43,13
15,44,59
15,45,128
15,46,109
15,47,39
15,48,56
15,49,36
15,50,539
15,51,86
15,52,42
15,53,220
15,54,182
15,55,130
15,56,26
15,57,10
15,58,113
15,59,201
15,60,42
15,61,78
15,62,96
15,63,9
15,64,215
15,65,147
15,66,179
15,67,12
15,68,34
15,69,74
15,70,142
15,71,94
15,72,125
15,73,338
15,74,131
15,75,15
15,76,88
15,77,3
15,78,55
15,79,98
15,80,20
15,81,148
15,82,69
15,83,50
15,84,15
15,85,168
15,86,40
15,87,98
15,88,102
15,89,125
15,90,522
15,91,87
15,92,135
15,93,126
15,94,124
15,95,15
15,96,35
15,97,107
15,98,133
15,99,155
15,100,164
15,101,50
15,102,170
15,103,93
15,104,70
15,105,124
15,106,12
15,107,14
15,108,277
15,109,215
15,110,49
15,111,70
15,112,36
15,113,30
15,114,300
15,115,4
15,116,164
15,117,76
15,118,5
15,119,46
15,120,76
15,121,244
15,122,53
15,123,32
15,124,55
15,125,37
15,126,128
15,127,155
15,128,197
15,129,105
15,130,42
15,131,265
15,132,131
15,133,186
15,134,1064
15,135,158
15,136,171
15,137,172
15,138,278
15,139,162
15,140,46
15,141,238
15,142,18
15,143,49
15,144,4
15,145,673
15,146,73
15,147,546
15,148,90
15,149,160
15,150,328
15,151,50
15,152,38
15,153,452
15,154,340
15,155,67
15,156,113
15,157,67
15,158,30
15,159,145
15,160,71
15,161,36
15,162,126
15,163,32
15,164,24
15,165,127
15,166,100
15,167,98
15,168,320
15,169,202
15,170,79
15,171,76
15,172,212
15,173,189
15,174,33
15,175,46
15,176,25
15,177,42
15,178,49
15,179,332
15,180,11
15,181,121
15,182,28
15,183,344
15,184,227
15,185,121
15,186,13
15,187,169
15,188,29
15,189,83
15,190,326
15,191,147
15,192,82
15,193,363
15,194,62
15,195,267
15,196,84
15,197,12
15,198,47
15,199,92
15,200,206
15,201,41
15,202,61
15,203,68
15,204,81
15,205,6
15,206,1006
15,207,83
15,208,20
15,209,14
15,210,55
15,211,15
15,212,40
15,213,26
15,214,18
15,215,117
15,216,21
15,217,60
15,218,7
15,219,6
15,220,42
15,221,134
15,222,12
15,223,9
15,224,141
15,225,214
15,226,76
15,227,587
15,228,187
15,229,198
15,230,92
15,231,5
15,232,24
15,233,111
15,234,5
15,235,268
15,236,5
15,237,64
15,238,118
15,239,15
15,240,114
15,241,116
15,242,104
15,243,105
15,244,124
15,245,14
15,246,76
15,247,189
15,248,162
15,249,120
15,250,229
15,251,38
15,252,5
15,253,38
15,254,196
15,255,237
16,0,12
16,1,527
16,2,4
16,3,11
16,4,21
16,5,162
16,6,36
16,7,70
16,8,3
16,9,64
16,10,53
16,11,12
16,12,97
16,13,31
16,14,157
16,15,226
16,16,172
16,17,3
16,18,92
16,19,22
16,20,47
16,21,24
16,22,58
16,23,239
16,24,416
16,25,376
16,26,111
16,27,75
16,28,130
16,29,207
16,30,1
16,31,30
16,32,116
16,33,31
16,34,243
16,35,312
16,36,142
16,37,88
16,38,79
16,39,282
16,40,72
16,41,69
16,42,36
16,43,109
16,44,36
16,45,64
16,46,250
16,47,131
16,48,116
16,49,381
16,50,261
16,51,115
16,52,32
16,53,80
16,54,193
16,55,50
16,56,211
16,57,196
16,58,46
16,59,143
16,60,48
16,61,36
16,62,1
16,63,158
16,64,215
16,65,40
16,66,270
16,67,12
16,68,124
16,69,78
16,70,240
16,71,37
16,72,352
16,73,71
16,74,328
16,75,161
16,76,16
16,77,26
16,78,95
16,79,54
16,80,253
16,81,43
16,82,76
16,83,2
16,84,75
16,85,17
16,86,11
16,87,18
16,88,108
16,89,287
16,90,50
16,91,327
16,92,128
16,93,146
16,94,27
16,95,77
16,96,137
16,97,43
16,98,5
16,99,2
16,100,227
16,101,57
16,102,80
16,103,170
16,104,174
16,105,11
16,106,31
16,107,208
16,108,81
16,109,33
16,110,24
16,111,25
16,112,90
16,113,74
16,114,25
16,115,329
16,116,476
16,117,169
16,118,13
16,119,42
16,120,129
16,121,12
16,122,21
16,123,17
16,124,154
16,125,15
16,126,210
16,127,39
16,128,11
16,129,28
16,130,492
16,131,171
16,132,48
16,133,133
16,134,124
16,135,52
16,136,31
16,137,148
16,138,157
16,139,64
16,140,18
16,141,116
16,142,9
16,143,27
16,144,177
16,145,111
16,146,169
16,147,125
16,148,43
16,149,127
16,150,55
16,151,235
16,152,149
16,153,17
16,154,70
16,155,359
16,156,139
16,157,127
16,158,247
16,159,14
16,160,459
16,161,61
16,162,93
16,163,118
16,164,230
16,165,16
16,166,158
16,167,13
16,168,157
16,169,81
16,170,61
16,171,62
16,172,411
16,173,175
16,174,302
16,175,124
16,176,93
16,177,145
16,178,263
16,179,119
16,180,56
16,181,74
16,182,62
16,183,700
16,184,60
16,185,92
16,186,37
16,187,184
16,188,6
16,189,33
16,190,181
16,191,761
16,192,214
16,193,90
16,194,9
16,195,194
16,196,109
16,197,12
16,198,40
16,200,53
16,201,166
16,202,2
16,203,152
16,204,145
16,205,45
16,206,6
16,207,156
16,208,104
16,209,407
16,210,343
16,211,76
16,212,42
16,213,401
16,214,23
16,215,118
16,216,79
16,217,27
16,218,338
16,219,48
16,220,200
16,221,30
16,222,97
16,223,28
16,224,4
16,225,79
16,226,9
16,227,174
16,228,210
16,229,104
16,230,211
16,231,137
16,232,105
16,233,74
16,234,108
16,235,91
16,236,80
16,237,11
16,238,128
16,239,24
16,240,21
16,241,27
16,242,109
16,243,3
16,244,107
16,245,186
16,246,101
16,247,146
16,248,98
16,249,18
16,250,282
16,251,137
16,252,101
16,253,253
16,254,317
16,255,60
17,0,141
17,1,135
17,2,866
17,3,34
17,4,100
17,5,106
17,6,10
17,7,5
17,8,275
17,9,17
17,10,58
17,11,159
17,12,6
17,13,126
17,14,44
17,15,72
17,16,107
17,17,268
17,18,136
17,19,164
17,20,133
17,21,172
17,22,44
17,23,38
17,24,54
17,25,231
17,26,75
17,27,56
17,28,90
17,29,14
17,30,145
17,31,12
17,32,29
17,33,100
17,34,130
17,35,121
17,36,361
17,37,25
17,38,206
17,39,185
17,40,126
17,41,16
17,42,118
17,43,35
17,44,161
17,45,302
17,46,75
17,47,69
17,48,149
17,49,168
17,50,3
17,51,177
17,52,88
17,53,121
17,54,109
17,55,8
17,56,13
17,57,94
17,58,55
17,59,177
17,60,146
17,61,108
17,62,141
17,63,58
17,64,128
17,65,61
17,66,203
17,67,9
17,68,172
17,69,806
17,70,64
17,71,42
17,72,154
17,73,8
17,74,80
17,75,22
17,76,161
17,77,120
17,78,72
17,79,201
17,80,100
17,81,31
17,82,53
17,83,31
17,84,23
17,85,150
17,86,222
17,87,172
17,88,173
17,89,342
17,90,5
17,91,78
17,92,69
17,93,257
17,94,172
17,95,180
17,96,196
17,97,130
17,98,612
17,99,289
17,100,95
17,101,111
17,102,88
17,103,12
17,104,44
17,105,168
17,106,130
17,107,78
17,108,325
17,109,366
17,110,120
17,111,244
17,112,162
17,113,23
17,114,68
17,115,128
17,116,59
17,117,31
17,118,1
17,119,142
17,120,36
17,121,72
17,122,15
17,123,20
17,124,24
17,125,169
17,126,59
17,127,89
17,128,12
17,129,8
17,130,24
17,131,152
17,132,15
17,133,13
17,134,345
17,135,185
17,136,83
17,137,39
17,138,36
17,139,10
17,140,128
17,141,163
17,142,189
17,143,96
17,144,43
17,145,69
17,146,26
17,147,4
17,148,82
17,149,113
17,150,117
17,151,93
17,152,157
17,153,21
17,154,51
17,155,143
17,156,114
17,157,27
17,158,86
17,159,110
17,160,129
17,161,150
17,162,156
17,163,25
17,164,204
17,165,166
17,166,57
17,167,133
17,168,197
17,169,28
17,170,53
17,171,137
17,172,108
17,173,193
17,174,3
17,175,223
17,176,82
17,177,26
17,178,3
17,179,126
17,180,39
17,181,86
17,182,104
17,183,315
17,184,134
17,185,179
17,186,95
17,187,39
17,188,19
17,189,7
17,190,1
17,191,15
17,192,216
17,193,13
17,194,32
17,195,62
17,196,501
17,197,82
17,198,60
17,199,22
17,200,44
17,201,230
17,202,15
17,203,77
17,204,307
17,205,42
17,206,7
17,207,148
17,208,130
17,209,581
17,210,437
17,211,83
17,212,214
17,213,63
17,214,78
17,215,37
17,216,99
17,217,608
17,218,65
17,219,420
17,220,38
17,221,199
17,222,188
17,223,108
17,224,53
17,225,82
17,226,217
17,227,94
17,228,25
17,229,99
17,230,428
17,231,8
17,232,26
17,233,511
17,234,61
17,235,247
17,236,120
17,237,21
17,238,144
17,239,3
17,240,12
17,241,432
17,242,95
17,243,56
17,244,17
17,245,66
17,246,82
17,247,112
17,248,211
17,249,139
17,250,184
17,251,16
17,252,49
17,253,6
17,254,78
17,255,32
18,0,305
18,1,140
18,2,183
18,3,144
18,4,4
18,5,72
18,6,124
18,7,1
18,8,305
18,9,26
18,10,7
18,11,26
18,12,29
18,13,206
18,14,18
18,15,153
18,16,142
18,17,64
18,18,164
18,19,135
18,20,18
18,21,38
18,22,63
18,23,86
18,24,149
18,25,21
18,26,36
18,27,28
18,28,15
18,29,42
18,30,100
18,31,18
18,32,173
18,33,12
18,34,247
18,35,220
18,36,12
18,37,282
18,38,130
18,39,83
18,40,117
18,41,16
18,42,64
18,43,158
18,44,101
18,45,97
18,46,94
18,47,43
18,48,20
18,49,13
18,50,96
18,51,149
18,52,105
18,53,70
18,54,67
18,55,92
18,56,13
18,57,174
18,58,191
18,59,53
18,60,275
18,61,91
18,62,106
18,63,239
18,64,420
18,65,28
18,66,111
18,67,79
18,68,39
18,69,148
18,70,14
18,71,169
18,72,243
18,73,47
18,74,122
18,75,339
18,76,31
18,77,1070
18,78,291
18,79,83
18,80,106
18,81,12
18,82,39
18,83,623
18,84,56
18,85,215
18,86,53
18,88,219
18,89,108
18,90,27
18,91,225
18,92,235
18,93,201
18,94,257
18,95,11
18,96,427
18,97,76
18,98,1
18,99,153
18,100,316
18,101,6
18,102,34
18,103,20
18,104,325
18,105,121
18,106,12
18,107,22
18,108,157
18,109,8
18,110,57
18,111,117
18,112,60
18,113,198
18,114,33
18,115,79
18,116,71
18,117,749
18,118,203
18,119,48
18,120,29
18,121,145
18,122,50
18,123,82
18,124,76
18,125,65
18,126,95
18,127,60
18,128,135
18,129,249
18,130,167
18,131,9
18,132,104
18,133,72
18,134,108
18,135,437
18,136,29
18,137,204
18,138,189
18,139,244
18,140,82
18,141,316
18,142,15
18,143,46
18,144,67
18,145,49
18,146,119
18,147,53
18,148,158
18,149,13
18,150,12
18,151,74
18,152,260
18,153,184
18,154,77
18,155,168
18,156,111
18,157,16
18,158,80
18,159,61
18,160,176
18,161,136
18,162,81
18,163,100
18,164,8
18,165,56
18,166,65
18,167,165
18,168,52
18,169,127
18,170,172
18,171,80
18,172,296
18,173,6
18,174,183
18,175,281
18,176,416
18,177,317
18,178,10
18,179,167
18,180,127
18,181,131
18,182,227
18,183,9
18,184,257
18,185,24
18,186,10
18,187,86
18,188,42
18,189,24
18,190,4
18,191,93
18,192,129
18,193,680
18,194,3
18,195,29
18,196,14
18,197,180
18,198,7
18,199,197
18,200,8
18,201,220
18,202,316
18,203,113
18,204,153
18,205,23
18,206,11
18,207,76
18,208,154
18,209,63
18,210,4
18,211,49
18,212,9
18,213,162
18,214,73
18,215,42
18,216,248
18,217,125
18,218,118
18,219,98
18,220,51
18,221,25
18,222,9
18,223,278
18,224,389
18,225,262
18,226,84
18,227,110
18,228,2
18,229,26
18,230,71
18,231,7
18,232,115
18,233,84
18,234,15
18,235,9
18,236,91
18,237,134
18,238,69
18,239,602
18,240,31
18,241,450
18,242,20
18,243,5
18,244,53
18,245,264
18,246,44
18,247,67
18,248,13
18,249,51
18,250,142
18,251,63
18,252,83
18,253,18
18,254,83
18,255,11
19,0,100
19,1,361
19,2,90
19,3,70
19,4,103
19,5,6
19,6,60
19,7,25
19,8,5
19,9,68
19,10,211
19,11,62
19,12,135
19,13,23
19,14,73
19,15,119
19,16,3
19,17,106
19,18,16
19,19,77
19,20,174
19,21,36
19,22,302
19,23,89
19,24,149
19,25,56
19,26,229
19,27,29
19,28,55
19,29,144
19,30,148
19,31,11
19,32,160
19,33,167
19,34,163
19,35,200
19,36,245
19,37,33
19,38,186
19,39,64
19,40,51
19,41,190
19,42,41
19,43,12
19,44,104
19,45,3
19,46,2
19,47,38
19,48,89
19,49,122
19,50,110
19,51,106
19,52,73
19,53,11
19,54,449
19,55,76
19,56,111
19,57,72
19,58,4
19,59,330
19,60,218
19,61,215
19,62,3
19,63,62
19,64,12
19,65,14
19,66,29
19,67,108
19,68,8
19,69,45
19,70,125
19,71,10
19,72,19
19,73,4
19,74,167
19,75,249
19,76,46
19,77,82
19,78,56
19,79,94
19,80,173
19,81,46
19,82,27
19,83,273
19,84,108
19,85,190
19,86,275
19,87,25
19,88,245
19,89,96
19,90,283
19,91,69
19,92,70
19,93,74
19,94,104
19,95,543
19,96,240
19,97,25
19,98,79
19,99,204
19,100,6
19,101,445
19,102,21
19,103,198
19,104,95
19,105,47
19,106,11
19,107,18
19,108,69
19,109,161
19,110,27
19,111,27
19,112,649
19,113,30
19,114,259
19,115,553
19,116,178
19,117,111
19,118,12
19,119,16
19,120,96
19,121,41
19,122,344
19,123,64
19,124,55
19,125,230
19,126,2
19,127,340
19,128,54
19,129,173
19,130,131
19,131,61
19,132,25
19,133,1045
19,134,82
19,135,21
19,136,23
19,137,237
19,138,130
19,139,250
19,140,73
19,141,13
19,142,144
19,143,139
19,144,35
19,145,5
19,146,11
19,147,20
19,148,323
19,149,141
19,150,237
19,151,80
19,152,10
19,153,139
19,154,82
19,155,24
19,156,24
19,157,190
19,158,417
19,159,62
19,160,77
19,161,94
19,162,49
19,163,375
19,164,17
19,165,233
19,166,48
19,167,163
19,168,41
19,169,58
19,170,38
19,171,138
19,172,67
19,173,333
19,174,311
19,175,35
19,176,56
19,177,546
19,178,177
19,179,13
19,180,303
19,181,20
19,182,7
19,183,220
19,184,120
19,186,293
19,187,10
19,188,91
19,189,205
19,190,215
19,191,155
19,192,319
19,193,9
19,194,233
19,195,119
19,196,13
19,197,27
19,198,18
19,199,114
19,200,76
19,201,138
19,202,56
19,203,16
19,204,157
19,205,56
19,206,78
19,207,286
19,208,4
19,209,193
19,210,42
19,211,25
19,212,75
19,213,53
19,214,35
19,215,130
19,216,9
19,217,1
19,218,34
19,219,177
19,220,329
19,221,432
19,222,221
19,223,7
19,224,214
19,225,41
19,226,286
19,227,120
19,228,317
19,229,8
19,230,16
19,231,150
19,232,47
19,233,95
19,234,100
19,235,238
19,236,110
19,237,113
19,238,157
19,239,45
19,240,74
19,241,67
19,242,114
19,243,109
19,244,174
19,245,7
19,246,145
19,247,120
19,248,75
19,249,114
19,250,14
19,251,10
19,252,19
19,253,25
19,254,233
19,255,37
20,0,14
20,1,134
20,2,29
20,3,92
20,4,179
20,5,13
20,6,3
20,7,9
20,8,51
20,9,77
20,10,69
20,11,232
20,12,394
20,13,4
20,14,29
20,15,6
20,16,569
20,17,131
20,18,461
20,19,148
20,20,22
20,21,33
20,22,558
20,23,270
20,24,352
20,25,15
20,26,92
20,27,46
20,28,10
20,29,69
20,30,315
20,31,3
20,32,9
20,33,75
20,34,27
20,35,59
20,36,191
20,37,67
20,38,106
20,39,44
20,40,597
20,41,283
20,42,166
20,43,5
20,44,37
20,45,5
20,46,13
20,47,74
20,48,42
20,49,64
20,50,186
20,51,21
20,52,50
20,53,324
20,54,13
20,55,13
20,56,88
20,57,11
20,58,67
20,59,36
20,60,18
20,61,110
20,62,12
20,63,86
20,64,38
20,65,117
20,66,34
20,67,30
20,68,113
20,69,14
20,70,24
20,71,299
20,72,507
20,73,57
20,74,226
20,75,38
20,77,9
20,78,146
20,79,24
20,80,108
20,81,473
20,82,16
20,83,116
20,84,21
20,85,99
20,86,6
20,87,13
20,88,14
20,89,54
20,90,17
20,91,25
20,92,110
20,93,14
20,94,74
20,95,63
20,96,19
20,97,52
20,98,483
20,99,135
20,100,36
20,101,19
20,102,118
20,103,163
20,104,118
20,105,117
20,106,199
20,107,212
20,108,252
20,109,2
20,110,28
20,111,98
20,112,128
20,113,346
20,114,39
20,115,94
20,116,116
20,117,507
20,118,8
20,119,54
20,120,48
20,121,117
20,122,148
20,123,101
20,124,2
20,125,5
20,126,40
20,127,267
20,128,8
20,129,5
20,130,68
20,131,15
20,132,24
20,133,185
20,134,8
20,135,403
20,136,19
20,137,37
20,138,67
20,139,109
20,140,31
20,141,91
20,142,53
20,143,51
20,144,324
20,145,4
20,146,138
20,147,2
20,148,527
20,149,31
20,150,133
20,151,231
20,152,28
20,153,61
20,154,116
20,155,7
20,156,52
20,157,167
20,158,78
20,159,145
20,160,59
20,161,26
20,162,11
20,163,129
20,164,33
20,165,17
20,166,56
20,167,3
20,168,60
20,170,175
20,171,355
20,172,140
20,173,33
20,174,166
20,175,530
20,176,23
20,177,15
20,178,60
20,179,63
20,180,14
20,181,239
20,182,776
20,183,226
20,184,234
20,185,28
20,186,109
20,187,195
20,188,63
20,189,60
20,190,33
20,191,93
20,192,58
20,193,166
20,194,35
20,195,309
20,196,12
20,197,277
20,198,405
20,199,119
20,200,52
20,201,37
20,202,19
20,203,100
20,204,3
20,205,722
20,206,83
20,207,45
20,208,351
20,209,78
20,210,48
20,211,79
20,212,75
20,213,74
20,214,23
20,215,30
20,216,144
20,217,139
20,218,61
20,219,80
20,220,128
20,221,81
20,222,22
20,223,449
20,224,859
20,225,54
20,226,43
20,227,197
20,228,44
20,229,73
20,230,14
20,231,25
20,232,34
20,233,958
20,234,120
20,235,158
20,236,154
20,237,350
20,238,206
20,239,206
20,240,398
20,241,55
20,242,75
20,243,104
20,244,45
20,245,462
20,246,41
20,247,71
20,248,10
20,249,116
20,250,12
20,251,35
20,252,3
20,253,134
20,254,35
20,255,17
21,0,7
21,1,77
21,2,134
21,3,76
21,4,14
21,5,48
21,6,37
21,7,85
21,8,65
21,9,12
21,10,13
21,11,22
21,12,269
21,13,11
21,14,10
21,15,74
21,16,28
21,17,7
21,18,49
21,19,91
21,20,217
21,21,11
21,22,60
21,23,89
21,24,43
21,25,288
21,26,88
21,27,39
21,29,117
21,30,42
21,31,90
21,32,75
21,33,69
21,34,110
21,35,146
21,36,13
21,37,60
21,38,373
21,39,88
21,40,37
21,41,7
21,43,36
21,44,32
21,45,102
21,46,17
21,47,145
21,48,21
21,49,16
21,50,131
21,51,21
21,52,43
21,53,127
21,54,349
21,55,368
21,56,25
21,57,10
21,58,189
21,59,6
21,60,17
21,61,77
21,62,56
21,63,158
21,64,225
21,65,3
21,66,10
21,67,28
21,68,20
21,69,82
21,70,29
21,71,638
21,72,275
21,73,272
21,74,26
21,75,12
21,76,43
21,77,267
21,78,75
21,79,46
21,80,17
21,81,735
21,82,11
21,83,2
21,84,2
21,85,32
21,86,12
21,87,36
21,88,406
21,89,4
21,90,43
21,91,28
21,92,12
21,93,20
21,94,92
21,95,493
21,96,73
21,97,8
21,98,45
21,99,682
21,100,722
21,101,8
21,103,284
21,104,10
21,105,45
21,106,24
21,107,50
21,108,36
21,109,140
21,110,37
21,111,14
21,112,418
21,113,360
21,114,177
21,115,53
21,116,165
21,117,58
21,118,98
21,119,91
21,120,115
21,121,585
21,122,192
21,123,68
21,124,27
21,125,138
21,126,145
21,127,214
21,128,11
21,129,21
21,130,28
21,131,44
21,132,116
21,133,14
21,134,191
21,135,141
21,136,136
21,137,250
21,138,65
21,139,25
21,140,76
21,141,111
21,142,37
21,143,24
21,144,1
21,145,4
21,146,154
21,147,59
21,148,57
21,149,33
21,150,27
21,151,46
21,152,78
21,153,60
21,154,18
21,155,261
21,156,222
21,157,28
21,158,36
21,159,34
21,160,68
21,161,221
21,162,6
21,163,4
21,164,207
21,165,92
21,166,684
21,167,38
21,168,21
21,169,135
21,170,118
21,171,190
21,172,239
21,173,9
21,174,116
21,175,25
21,176,46
21,177,243
21,178,125
21,179,16
21,180,102
21,181,18
21,182,61
21,183,69
21,184,236
21,185,48
21,186,83
21,187,18
21,188,189
21,189,44
21,190,108
21,191,118
21,192,6
21,193,80
21,194,281
21,195,8
21,196,52
21,197,144
21,198,89
21,199,13
21,200,175
21,201,310
21,202,4
21,203,197
21,204,12
21,205,38
21,206,112
21,207,397
21,208,194
21,209,225
21,210,323
21,211,321
21,212,50
21,213,457
21,214,105
21,215,126
21,216,3
21,217,36
21,218,228
21,219,39
21,220,4
21,221,51
21,222,75
21,223,32
21,224,1074
21,225,418
21,226,983
21,227,67
21,228,203
21,229,60
21,230,213
21,231,17
21,232,241
21,233,998
21,234,4
21,235,90
21,236,5
21,237,23
21,238,24
21,239,84
21,240,76
21,241,151
21,242,14
21,243,198
21,244,2
21,245,179
21,246,347
21,247,5
21,248,248
21,249,35
21,250,14
21,251,226
21,252,61
21,253,16
21,254,292
21,255,77
22,0,98
22,1,42
22,2,29
22,3,104
22,4,87
22,5,37
22,6,83
22,7,30
22,8,13
22,9,116
22,10,155
22,11,143
22,12,86
22,13,150
22,14,77
22,15,11
22,16,16
22,17,106
22,18,32
22,19,148
22,20,40
22,21,175
22,22,170
22,23,405
22,24,54
22,25,71
22,26,138
22,27,278
22,28,9
22,29,159
22,30,15
22,31,22
22,32,367
22,33,147
22,34,107
22,35,55
22,36,233
22,37,27
22,38,410
22,39,5
22,40,207
22,41,117
22,42,46
22,43,81
22,44,173
22,45,103
22,46,52
22,47,51
22,48,684
22,49,150
22,50,139
22,51,18
22,52,27
22,53,67
22,54,92
22,55,11
22,56,55
22,57,11
22,58,10
22,59,82
22,60,101
22,61,40
22,62,37
22,63,27
22,64,6
22,65,120
22,66,51
22,67,13
22,68,58
22,69,105
22,70,91
22,71,86
22,72,55
22,73,22
22,74,81
22,75,53
22,76,389
22,77,115
22,78,193
22,79,20
22,80,268
22,81,222
22,82,228
22,83,206
22,84,16
22,85,11
22,86,10
22,87,43
22,88,102
22,89,101
22,90,113
22,91,107
22,92,24
22,93,144
22,94,141
22,95,233
22,96,290
22,97,9
22,98,81
22,99,69
22,100,105
22,101,10
22,102,83
22,103,3
22,104,216
22,105,39
22,106,28
22,107,50
22,108,134
22,109,146
22,110,97
22,111,22
22,112,44
22,113,189
22,114,17
22,115,263
22,116,424
22,117,57
22,118,150
22,119,56
22,120,100
22,121,468
22,122,61
22,123,104
22,124,186
22,125,143
22,126,236
22,127,253
22,128,54
22,129,86
22,130,82
22,131,361
22,132,303
22,133,106
22,134,256
22,135,358
22,136,108
22,137,107
22,138,15
22,139,27
22,140,56
22,141,94
22,142,41
22,143,5
22,144,191
22,145,59
22,146,92
22,147,118
22,148,198
22,149,523
22,150,71
22,151,86
22,152,86
22,153,17
22,154,132
22,155,20
22,156,250
22,157,177
22,158,6
22,159,143
22,160,424
22,161,58
22,162,213
22,163,106
22,164,56
22,165,159
22,166,215
22,167,340
22,168,610
22,169,124
22,170,17
22,171,192
22,172,338
22,173,31
22,174,9
22,175,186
22,176,60
22,177,214
22,178,62
22,179,111
22,180,13
22,181,4
22,182,260
22,183,153
22,184,272
22,185,58
22,186,349
22,187,168
22,188,19
22,189,156
22,190,249
22,191,147
22,192,80
22,193,51
22,194,38
22,195,135
22,196,94
22,197,36
22,198,196
22,199,121
22,200,17
22,201,9
22,202,49
22,203,167
22,204,10
22,205,42
22,206,137
22,207,388
22,208,148
22,209,7
22,210,408
22,211,209
22,212,121
22,213,124
22,214,51
22,215,117
22,216,60
22,217,225
22,218,47
22,219,159
22,220,100
22,221,97
22,223,11
22,224,132
22,225,120
22,226,200
22,227,170
22,228,16
22,229,118
22,230,40
22,231,90
22,232,119
22,233,183
22,234,177
22,235,4
22,236,63
22,237,25
22,238,208
22,239,25
22,240,1
22,241,93
22,242,164
22,243,81
22,244,58
22,245,172
22,246,49
22,247,3
22,248,98
22,249,271
22,250,344
22,251,261
22,252,61
22,253,122
22,254,9
22,255,29
23,0,86
23,1,40
23,2,54
23,3,241
23,4,133
23,5,109
23,6,17
23,7,40
23,8,22
23,9,31
23,10,148
23,11,62
23,12,36
23,13,88
23,14,76
23,15,112
23,16,248
23,17,126
23,18,103
23,19,137
23,20,101
23,21,41
23,22,187
23,23,338
23,24,146
23,25,99
23,26,152
23,27,48
23,28,175
23,29,54
23,30,30
23,31,165
23,32,310
23,33,312
23,34,133
23,35,91
23,36,137
23,37,86
23,38,196
23,39,165
23,40,186
23,41,148
23,42,42
23,43,29
23,44,162
23,45,91
23,46,53
23,47,96
23,48,180
23,49,30
23,50,18
23,51,88
23,52,126
23,53,89
23,54,88
23,55,21
23,56,71
23,57,207
23,58,192
23,59,107
23,60,288
23,61,326
23,62,147
23,63,167
23,64,61
23,65,50
23,66,35
23,67,23
23,69,18
23,70,69
23,71,29
23,72,124
23,73,255
23,74,189
23,75,196
23,76,59
23,77,202
23,78,75
23,79,60
23,80,284
23,81,300
23,82,127
23,83,118
23,85,117
23,86,101
23,87,234
23,88,220
23,89,63
23,90,115
23,91,277
23,92,128
23,93,44
23,94,4
23,95,70
23,96,159
23,97,167
23,98,212
23,99,142
23,100,10
23,101,60
23,102,57
23,103,4
23,104,108
23,105,256
23,106,30
23,107,87
23,108,31
23,109,75
23,110,20
23,111,81
23,112,130
23,113,36
23,114,41
23,115,2
23,116,84
23,117,583
23,118,112
23,119,16
23,120,15
23,121,312
23,123,227
23,124,76
23,125,30
23,126,235
23,127,150
23,128,127
23,129,780
23,130,106
23,131,4
23,132,197
23,133,83
23,134,444
23,135,33
23,136,103
23,137,31
23,138,180
23,139,281
23,140,168
23,141,122
23,142,132
23,143,134
23,144,50
23,145,342
23,146,39
23,147,114
23,148,233
23,149,111
23,150,170
23,151,43
23,152,141
23,153,94
23,154,26
23,155,137
23,156,53
23,157,120
23,158,132
23,159,73
23,160,40
23,161,195
23,162,171
23,163,46
23,164,105
23,165,85
23,166,336
23,167,118
23,168,114
23,169,86
23,170,86
23,171,203
23,172,170
23,173,94
23,174,96
23,175,34
23,176,69
23,177,156
23,178,412
23,179,19
23,180,78
23,181,163
23,182,17
23,183,87
23,184,52
23,185,16
23,186,193
23,187,131
23,188,97
23,189,137
23,190,4
23,191,104
23,192,202
23,193,177
23,194,245
23,195,53
23,196,204
23,197,6
23,198,19
23,199,53
23,200,88
23,201,126
23,202,55
23,203,27
23,204,131
23,205,96
23,206,97
23,207,57
23,208,12
23,209,122
23,210,52
23,211,32
23,212,3
23,213,125
23,214,160
23,215,138
23,216,20
23,217,9
23,218,190
23,219,86
23,220,131
23,221,220
23,222,146
23,223,289
23,224,359
23,225,41
23,226,130
23,227,43
23,228,93
23,229,59
23,230,277
23,231,72
23,232,34
23,233,508
23,234,6
23,235,8
23,236,33
23,237,63
23,238,43
23,239,172
23,240,137
23,241,72
23,242,25
23,243,366
23,244,78
23,245,149
23,246,66
23,247,108
23,248,41
23,249,304
23,250,6
23,251,40
23,252,178
23,253,355
23,254,47
23,255,129
24,0,159
24,1,185
24,2,568
24,3,61
24,4,62
24,5,74
24,6,76
24,7,15
24,8,232
24,9,442
24,10,550
24,11,128
24,12,45
24,13,100
24,14,198
24,15,141
24,16,330
24,17,92
24,18,22
24,20,40
24,21,401
24,22,29
24,23,32
24,24,110
24,25,48
24,26,101
24,27,94
24,28,29
24,29,3
24,30,42
24,31,26
24,32,90
24,33,71
24,34,256
24,35,29
24,36,32
24,37,20
24,38,404
24,39,127
24,40,43
24,41,256
24,42,135
24,43,126
24,44,171
24,45,130
24,46,145
24,47,60
24,48,74
24,49,106
24,50,170
24,51,9
24,52,91
24,53,262
24,54,67
24,55,208
24,56,21
24,57,4
24,58,137
24,59,10
24,60,146
24,61,26
24,62,192
24,63,130
24,64,48
24,65,115
24,66,13
24,67,146
24,68,89
24,69,28
24,70,95
24,71,87
24,72,42
24,73,209
24,74,173
24,75,97
24,76,98
24,77,142
24,78,147
24,79,209
24,80,116
24,81,86
24,82,32
24,83,242
24,84,46
24,85,68
24,86,18
24,87,316
24,88,225
24,89,99
24,90,42
24,91,153
24,92,467
24,93,200
24,94,105
24,95,163
24,96,84
24,97,7
24,98,220
24,99,310
24,100,142
24,101,82
24,102,187
24,103,9
24,104,172
24,105,115
24,106,148
24,107,9
24,108,1
24,109,288
24,110,22
24,111,21
24,112,436
24,113,459
24,114,25
24,115,83
24,116,224
24,117,56
24,118,20
24,119,159
24,120,46
24,121,3
24,122,79
24,123,31
24,124,121
24,125,32
24,126,215
24,127,189
24,128,116
24,129,22
24,130,12
24,131,126
24,132,8
24,133,19
24,134,9
24,135,24
24,136,137
24,137,44
24,138,30
24,139,34
24,140,1
24,141,265
24,142,308
24,143,17
24,144,248
24,145,79
24,146,139
24,147,40
24,148,124
24,149,375
24,150,45
24,151,77
24,152,17
24,153,151
24,154,11
24,155,26
24,156,55
24,157,137
24,158,42
24,159,285
24,160,114
24,161,221
24,162,90
24,163,155
24,164,136
24,165,74
24,166,158
24,167,120
24,168,27
24,169,74
24,170,13
24,171,26
24,172,22
24,173,27
24,174,157
24,175,289
24,176,480
24,177,178
24,178,73
24,179,595
24,180,126
24,181,10
24,182,18
24,183,6
24,184,142
24,185,138
24,186,151
24,187,33
24,188,129
24,189,72
24,190,25
24,191,56
24,192,81
24,193,44
24,194,141
24,195,127
24,196,575
24,197,33
24,198,218
24,199,90
24,200,149
24,201,107
24,202,429
24,203,176
24,204,37
24,205,53
24,206,61
24,207,34
24,208,4
24,209,107
24,210,47
24,211,132
24,212,101
24,213,168
24,214,86
24,215,2
24,216,209
24,217,35
24,218,282
24,219,140
24,220,221
24,221,136
24,222,126
24,223,71
24,224,164
24,225,86
24,226,148
24,227,19
24,228,59
24,229,210
24,230,21
24,231,30
24,232,213
24,233,5
24,234,28
24,235,102
24,236,39
24,237,11
24,238,116
24,239,120
24,240,302
24,241,12
24,242,122
24,243,77
24,244,8
24,245,25
24,246,248
24,247,86
24,248,65
24,249,30
24,250,232
24,251,193
24,252,135
24,253,136
24,254,120
24,255,316
25,0,172
25,1,82
25,2,338
25,3,117
25,4,197
25,5,96
25,6,126
25,7,17
25,8,33
25,9,30
25,10,12
25,11,267
25,12,32
25,13,38
25,14,17
25,15,188
25,16,35
25,17,199
25,18,19
25,19,87
25,20,124
25,21,78
25,22,31
25,23,24
25,24,33
25,25,8
25,26,112
25,27,24
25,28,30
25,29,69
25,30,70
25,31,59
25,32,18
25,33,110
25,34,199
25,35,144
25,36,21
25,37,80
25,38,36
25,39,9
25,40,495
25,41,20
25,42,84
25,43,123
25,44,594
25,45,413
25,46,27
25,47,49
25,48,1
25,49,106
25,50,33
25,51,3
25,52,269
25,53,21
25,54,30
25,55,114
25,56,34
25,57,102
25,58,390
25,59,4
25,61,140
25,62,31
25,63,101
25,64,512
25,65,76
25,66,149
25,67,132
25,68,69
25,69,26
25,70,225
25,71,87
25,72,28
25,73,156
25,74,30
25,75,44
25,76,57
25,77,32
25,78,120
25,79,23
25,80,129
25,81,4
25,82,104
25,83,834
25,84,177
25,85,30
25,86,83
25,87,107
25,88,16
25,89,293
25,90,212
25,91,50
25,92,38
25,93,295
25,94,55
25,95,33
25,96,17
25,97,61
25,98,123
25,99,175
25,100,115
25,101,194
25,102,45
25,103,95
25,104,123
25,105,170
25,106,14
25,107,52
25,108,22
25,109,52
25,110,31
25,111,24
25,112,90
25,113,165
25,114,315
25,115,175
25,116,62
25,117,102
25,118,67
25,119,127
25,120,200
25,121,86
25,122,6
25,123,6
25,124,3
25,125,29
25,126,7
25,127,218
25,128,185
25,129,43
25,130,197
25,131,169
25,132,114
25,133,20
25,134,136
25,135,132
25,136,34
25,137,81
25,138,95
25,139,115
25,140,107
25,141,433
25,142,68
25,143,15
25,144,448
25,145,32
25,146,77
25,147,149
25,148,73
25,149,70
25,150,67
25,151,557
25,152,470
25,153,405
25,154,67
25,155,133
25,156,6
25,157,71
25,158,58
25,159,169
25,160,35
25,161,668
25,162,514
25,163,16
25,164,56
25,165,238
25,166,132
25,167,157
25,168,113
25,169,36
25,170,206
25,171,444
25,172,21
25,173,7
25,174,69
25,175,21
25,176,42
25,177,71
25,178,158
25,179,135
25,180,67
25,181,4
25,182,122
25,183,525
25,184,138
25,185,87
25,186,23
25,187,345
25,188,71
25,189,340
25,190,12
25,191,170
25,192,131
25,193,73
25,194,43
25,195,70
25,196,14
25,197,17
25,198,29
25,199,104
25,200,116
25,201,72
25,202,217
25,203,50
25,204,42
25,205,93
25,206,120
25,207,75
25,208,483
25,209,108
25,210,3
25,211,109
25,212,144
25,213,43
25,214,18
25,215,366
25,216,310
25,217,14
25,218,20
25,219,154
25,220,107
25,221,115
25,222,77
25,223,99
25,224,70
25,225,35
25,226,290
25,227,156
25,228,146
25,229,55
25,230,50
25,231,92
25,232,198
25,233,290
25,234,157
25,235,33
25,236,118
25,237,103
25,238,18
25,239,46
25,240,79
25,241,81
25,242,160
25,243,182
25,244,4
25,245,17
25,246,51
25,247,56
25,248,289
25,249,55
25,250,47
25,251,211
25,252,71
25,253,168
25,254,402
25,255,185
26,0,154
26,1,1
26,2,39
26,3,31
26,4,106
26,5,13
26,6,199
26,7,60
26,8,43
26,9,469
26,10,51
26,11,49
26,12,157
26,13,16
26,14,3
26,15,38
26,16,9
26,17,40
26,18,72
26,19,67
26,20,225
26,21,103
26,22,31
26,23,10
26,24,119
26,25,41
26,26,203
26,27,13
26,28,144
26,29,44
26,30,12
26,31,179
26,32,66
26,33,41
26,34,35
26,35,405
26,36,66
26,37,29
26,38,128
26,39,7
26,40,82
26,41,120
26,42,64
26,43,5
26,44,392
26,45,54
26,46,232
26,47,24
26,48,20
26,49,183
26,50,126
26,51,151
26,52,89
26,53,59
26,54,216
26,55,89
26,56,136
26,57,172
26,58,905
26,59,265
26,60,18
26,61,100
26,62,21
26,63,55
26,64,10
26,65,53
26,66,19
26,67,341
26,68,48
26,69,3
26,70,118
26,71,134
26,72,35
26,73,241
26,74,31
26,75,6
26,76,12
26,77,161
26,78,103
26,79,15
26,80,47
26,81,239
26,82,8
26,83,68
26,84,34
26,85,178
26,86,91
26,87,146
26,88,145
26,89,78
26,90,291
26,91,193
26,92,140
26,93,38
26,94,278
26,95,60
26,96,246
26,97,237
26,98,13
26,99,118
26,100,37
26,101,18
26,102,17
26,103,100
26,104,24
26,105,17
26,106,109
26,107,93
26,108,14
26,109,148
26,110,403
26,111,46
26,112,199
26,113,21
26,114,19
26,115,462
26,116,659
26,117,60
26,118,56
26,119,44
26,120,32
26,121,34
26,122,13
26,123,158
26,124,95
26,125,45
26,126,24
26,127,211
26,128,114
26,129,39
26,130,156
26,131,12
26,132,677
26,133,174
26,134,161
26,135,17
26,136,91
26,137,134
26,138,50
26,139,39
26,140,230
26,141,15
26,142,728
26,143,87
26,144,54
26,145,24
26,146,42
26,147,114
26,148,164
26,149,65
26,150,127
26,151,141
26,152,16
26,153,14
26,154,160
26,155,90
26,156,73
26,157,21
26,158,132
26,159,89
26,160,53
26,161,50
26,162,3
26,163,574
26,164,17
26,165,145
26,166,156
26,167,211
26,168,27
26,169,4
26,170,121
26,171,157
26,172,97
26,173,356
26,174,2
26,175,1
26,176,31
26,177,94
26,178,19
26,179,29
26,180,70
26,181,46
26,182,94
26,183,21
26,184,431
26,185,165
26,186,16
26,187,8
26,188,26
26,189,269
26,190,103
26,191,231
26,192,29
26,193,144
26,194,137
26,195,51
26,196,172
26,197,344
26,198,114
26,199,4
26,200,60
26,201,612
26,202,256
26,203,90
26,204,200
26,205,47
26,206,38
26,207,246
26,208,6
26,209,118
26,210,68
26,211,261
26,212,618
26,213,28
26,214,184
26,215,635
26,216,305
26,217,198
26,218,13
26,219,71
26,220,52
26,221,23
26,222,16
26,223,51
26,224,84
26,225,197
26,226,27
26,227,10
26,228,18
26,229,466
26,230,183
26,231,361
26,232,44
26,233,42
26,234,23
26,235,98
26,236,455
26,237,9
26,238,37
26,239,39
26,240,83
26,241,15
26,242,121
26,243,332
26,244,166
26,245,11
26,246,19
26,247,10
26,248,373
26,249,18
26,250,69
26,251,68
26,252,54
26,253,197
26,254,206
26,255,17
27,0,92
27,1,246
27,2,140
27,3,217
27,4,32
27,5,35
27,6,27
27,7,3
27,8,2
27,9,12
27,10,3
27,11,173
27,12,130
27,13,13
27,14,52
27,15,152
27,16,151
27,17,31
27,18,167
27,19,7
27,20,127
27,21,121
27,22,63
27,23,124
27,24,55
27,25,18
27,26,39
27,27,129
27,28,247
27,29,191
27,30,153
27,31,75
27,32,10
27,33,166
27,34,222
27,35,136
27,36,64
27,37,105
27,38,12
27,39,22
27,40,1
27,41,118
27,42,353
27,43,16
27,44,86
27,45,70
27,46,110
27,47,34
27,48,67
27,49,36
27,50,465
27,51,74
27,52,27
27,53,244
27,54,89
27,55,254
27,56,86
27,57,25
27,58,109
27,59,229
27,60,23
27,61,251
27,62,63
27,63,18
27,64,53
27,65,119
27,66,243
27,67,7
27,68,46
27,69,28
27,70,158
27,71,128
27,72,2
27,73,319
27,74,133
27,75,81
27,76,56
27,77,1
27,78,58
27,79,159
27,80,58
27,81,70
27,82,151
27,83,92
27,84,13
27,85,64
27,86,213
27,87,59
27,88,76
27,89,185
27,90,392
27,91,48
27,92,98
27,93,118
27,94,142
27,95,10
27,96,40
27,97,148
27,98,221
27,99,196
27,100,143
27,101,45
27,102,102
27,103,101
27,104,120
27,105,60
27,106,20
27,107,18
27,108,179
27,109,78
27,110,40
27,111,43
27,112,90
27,113,9
27,114,193
27,115,9
27,116,125
27,117,151
27,118,7
27,119,36
27,120,40
27,121,180
27,122,96
27,123,28
27,124,81
27,125,157
27,126,190
27,127,289
27,128,178
27,129,140
27,130,82
27,131,114
27,132,302
27,133,173
27,134,937
27,135,153
27,136,576
27,137,358
27,138,120
27,139,148
27,140,109
27,141,270
27,142,27
27,143,44
27,144,45
27,145,522
27,146,74
27,147,475
27,148,10
27,149,206
27,150,222
27,151,55
27,152,51
27,153,539
27,154,486
27,155,90
27,156,13
27,157,168
27,158,19
27,159,90
27,160,92
27,161,23
27,162,83
27,163,184
27,164,37
27,165,141
27,166,98
27,167,173
27,168,137
27,169,281
27,170,72
27,171,91
27,172,189
27,173,93
27,174,34
27,175,58
27,176,41
27,177,53
27,178,73
27,179,348
27,180,60
27,181,90
27,182,34
27,183,349
27,184,285
27,185,102
27,186,10
27,187,242
27,188,17
27,189,94
27,190,430
27,191,162
27,192,27
27,193,362
27,194,38
27,195,269
27,196,89
27,197,7
27,198,141
27,199,21
27,200,177
27,201,44
27,202,39
27,203,97
27,204,19
27,205,38
27,206,689
27,207,18
27,208,25
27,209,18
27,210,18
27,211,15
27,212,28
27,213,71
27,214,14
27,215,86
27,216,14
27,217,36
27,218,124
27,219,10
27,220,131
27,221,104
27,222,15
27,223,20
27,224,79
27,225,139
27,226,41
27,227,468
27,228,351
27,229,346
27,230,27
27,231,23
27,232,7
27,233,187
27,234,3
27,235,229
27,236,15
27,237,37
27,238,115
27,239,6
27,240,130
27,241,109
27,242,73
27,243,164
27,244,79
27,245,13
27,246,77
27,247,270
27,248,129
27,249,90
27,250,102
27,251,32
27,252,7
27,253,22
27,254,162
27,255,417
28,0,16
28,1,517
28,2,7
28,3,11
28,4,36
28,5,63
28,6,38
28,7,46
28,8,9
28,9,62
28,10,65
28,11,14
28,12,18
28,13,59
28,14,202
28,15,359
28,16,183
28,17,21
28,18,352
28,19,17
28,20,54
28,21,22
28,22,12
28,23,85
28,24,167
28,25,395
28,26,126
28,27,17
28,28,425
28,29,54
28,30,10
28,31,24
28,32,11
28,33,77
28,34,257
28,35,364
28,36,91
28,37,68
28,38,11
28,39,498
28,40,34
28,41,156
28,42,34
28,43,104
28,44,65
28,45,49
28,46,148
28,47,151
28,48,36
28,49,39
28,50,199
28,51,33
28,52,26
28,53,123
28,54,149
28,55,22
28,56,180
28,57,234
28,58,40
28,59,134
28,60,25
28,61,54
28,62,8
28,63,309
28,64,66
28,65,37
28,66,308
28,67,30
28,68,145
28,69,12
28,70,172
28,71,34
28,72,389
28,73,54
28,74,408
28,75,184
28,76,26
28,77,62
28,78,73
28,79,63
28,80,157
28,81,34
28,82,64
28,83,17
28,84,163
28,85,24
28,86,16
28,87,15
28,88,128
28,89,559
28,90,40
28,91,347
28,92,100
28,93,92
28,94,33
28,95,169
28,96,88
28,97,24
28,98,3
28,99,2
28,100,205
28,101,49
28,102,56
28,103,71
28,104,195
28,105,87
28,106,21
28,107,201
28,108,94
28,109,130
28,110,49
28,111,107
28,112,84
28,113,83
28,114,23
28,115,355
28,116,440
28,117,123
28,118,18
28,119,41
28,120,132
28,121,8
28,122,51
28,123,13
28,124,173
28,125,12
28,126,237
28,127,45
28,128,24
28,129,77
28,130,335
28,131,35
28,132,146
28,133,137
28,134,369
28,135,70
28,136,25
28,137,40
28,138,137
28,139,30
28,140,27
28,141,145
28,142,94
28,143,14
28,144,97
28,145,134
28,146,218
28,147,216
28,148,240
28,149,101
28,150,14
28,151,238
28,152,76
28,153,14
28,154,17
28,155,299
28,156,113
28,157,87
28,158,369
28,159,21
28,160,538
28,161,56
28,162,37
28,163,130
28,164,239
28,165,118
28,166,206
28,167,30
28,168,139
28,169,165
28,170,95
28,171,73
28,172,414
28,173,133
28,174,186
28,175,76
28,176,93
28,177,160
28,178,186
28,179,152
28,180,60
28,181,27
28,182,50
28,183,725
28,184,22
28,185,86
28,186,58
28,187,116
28,188,7
28,190,141
28,191,722
28,192,47
28,193,127
28,194,91
28,195,103
28,196,34
28,197,10
28,198,77
28,200,36
28,201,164
28,202,6
28,203,167
28,204,191
28,205,50
28,206,10
28,207,34
28,208,105
28,209,402
28,210,323
28,211,97
28,212,79
28,213,119
28,214,16
28,215,56
28,216,74
28,217,40
28,218,397
28,219,142
28,220,194
28,221,21
28,222,123
28,223,57
28,224,10
28,225,99
28,226,9
28,227,150
28,228,266
28,229,82
28,230,189
28,231,54
28,232,134
28,233,32
28,234,111
28,235,280
28,236,75
28,237,18
28,238,209
28,239,49
28,240,44
28,241,28
28,242,261
28,243,8
28,244,138
28,245,253
28,246,74
28,247,212
28,248,204
28,249,14
28,250,166
28,251,167
28,252,88
28,253,170
28,254,232
28,255,79
29,0,134
29,1,301
29,2,616
29,3,1
29,4,116
29,5,170
29,6,19
29,8,141
29,9,63
29,10,58
29,11,104
29,12,13
29,13,153
29,14,47
29,15,83
29,16,70
29,17,185
29,18,179
29,19,192
29,20,69
29,21,156
29,22,40
29,23,40
29,24,6
29,25,202
29,26,72
29,27,66
29,28,123
29,29,18
29,30,74
29,31,29
29,32,19
29,33,91
29,34,347
29,35,90
29,36,1026
29,37,68
29,38,247
29,39,122
29,40,38
29,41,7
29,42,117
29,43,51
29,44,415
29,45,240
29,46,89
29,47,26
29,48,114
29,49,124
29,50,10
29,51,78
29,52,90
29,53,61
29,54,117
29,55,29
29,56,55
29,57,184
29,58,101
29,59,163
29,60,237
29,61,62
29,62,113
29,63,105
29,64,19
29,65,147
29,66,198
29,67,50
29,68,174
29,69,496
29,70,54
29,71,29
29,72,155
29,73,88
29,74,39
29,75,48
29,76,179
29,77,9
29,78,128
29,79,262
29,80,16
29,81,21
29,82,46
29,83,45
29,84,45
29,85,16
29,86,268
29,87,126
29,88,185
29,89,316
29,90,37
29,91,86
29,92,53
29,93,640
29,94,183
29,95,79
29,96,308
29,97,163
29,98,481
29,99,54
29,100,188
29,101,68
29,102,123
29,103,129
29,104,65
29,105,97
29,106,125
29,107,21
29,108,79
29,109,360
29,110,75
29,111,135
29,112,144
29,113,49
29,114,64
29,115,80
29,116,9
29,117,55
29,118,39
29,119,118
29,120,40
29,121,168
29,122,50
29,123,48
29,124,45
29,125,269
29,126,99
29,127,95
29,128,29
29,129,9
29,130,39
29,131,204
29,132,22
29,133,35
29,134,367
29,135,90
29,136,133
29,137,40
29,138,40
29,139,6
29,140,79
29,141,90
29,142,168
29,143,19
29,144,71
29,145,22
29,146,23
29,147,6
29,148,85
29,149,111
29,150,599
29,151,122
29,152,93
29,153,32
29,154,85
29,155,128
29,156,95
29,157,84
29,158,110
29,159,102
29,160,120
29,161,71
29,162,81
29,163,50
29,164,212
29,165,259
29,166,40
29,167,91
29,168,341
29,169,43
29,170,48
29,171,208
29,172,67
29,173,108
29,175,77
29,176,122
29,177,126
29,178,25
29,179,170
29,180,39
29,181,26
29,182,190
29,183,325
29,184,95
29,185,110
29,186,64
29,187,45
29,188,81
29,189,22
29,190,14
29,191,62
29,192,279
29,193,4
29,194,76
29,195,45
29,196,392
29,197,83
29,198,68
29,199,28
29,200,54
29,201,84
29,202,26
29,203,52
29,204,243
29,205,6
29,206,16
29,207,8
29,208,70
29,209,669
29,210,456
29,211,37
29,212,105
29,213,141
29,214,50
29,215,54
29,216,127
29,217,499
29,218,83
29,219,303
29,220,22
29,221,85
29,222,341
29,223,208
29,224,51
29,225,117
29,226,76
29,227,83
29,228,32
29,229,25
29,230,290
29,231,29
29,232,43
29,233,382
29,234,24
29,235,202
29,236,137
29,237,53
29,238,319
29,239,42
29,240,25
29,241,23
29,242,159
29,243,51
29,244,8
29,245,47
29,246,251
29,247,151
29,248,225
29,249,335
29,250,94
29,251,60
29,252,40
29,253,21
29,254,92
29,255,25
30,0,293
30,1,105
30,2,159
30,3,118
30,5,124
30,6,106
30,7,35
30,8,318
30,9,20
30,10,47
30,11,56
30,12,40
30,13,179
30,14,10
30,15,177
30,16,212
30,17,27
30,18,65
30,19,128
30,20,38
30,21,15
30,22,13
30,23,28
30,24,154
30,25,36
30,26,3
30,27,63
30,28,28
30,29,26
30,30,94
30,31,59
30,32,104
30,33,5
30,34,273
30,35,215
30,36,31
30,37,265
30,38,179
30,39,81
30,40,136
30,41,84
30,42,338
30,43,80
30,44,329
30,45,297
30,46,20
30,47,64
30,48,34
30,49,38
30,50,104
30,51,216
30,52,192
30,53,92
30,54,54
30,55,52
30,56,25
30,57,154
30,58,381
30,59,43
30,60,353
30,61,264
30,62,48
30,63,191
30,64,199
30,65,50
30,66,123
30,67,162
30,68,38
30,69,138
30,70,9
30,71,197
30,72,99
30,73,104
30,74,150
30,75,223
30,76,14
30,77,811
30,78,238
30,79,71
30,80,189
30,81,40
30,82,73
30,83,718
30,84,43
30,85,215
30,86,82
30,88,129
30,89,68
30,90,21
30,91,310
30,92,302
30,93,50
30,94,140
30,95,52
30,96,305
30,97,32
30,98,10
30,99,139
30,100,319
30,101,8
30,102,42
30,103,21
30,104,274
30,105,67
30,106,14
30,107,68
30,108,140
30,109,15
30,110,58
30,111,156
30,112,51
30,113,209
30,114,35
30,115,12
30,116,112
30,117,633
30,118,282
30,119,247
30,120,73
30,121,84
30,122,78
30,123,164
30,124,193
30,125,31
30,126,223
30,127,52
30,128,141
30,129,247
30,130,196
30,131,1
30,132,42
30,133,100
30,134,67
30,135,283
30,136,26
30,137,163
30,138,197
30,139,276
30,140,91
30,141,172
30,142,44
30,143,108
30,144,37
30,145,11
30,146,29
30,147,76
30,148,97
30,149,15
30,150,12
30,151,128
30,152,367
30,153,15
30,154,4
30,155,75
30,156,114
30,157,1
30,158,84
30,159,49
30,160,83
30,161,185
30,162,182
30,163,138
30,164,32
30,165,13
30,166,117
30,167,89
30,168,28
30,169,63
30,170,150
30,171,66
30,172,665
30,173,24
30,174,273
30,175,204
30,176,400
30,177,154
30,178,24
30,179,83
30,180,307
30,181,41
30,182,122
30,183,5
30,184,398
30,185,43
30,186,26
30,187,58
30,188,45
30,189,10
30,190,15
30,191,49
30,192,132
30,193,143
30,194,13
30,195,75
30,196,21
30,197,179
30,198,14
30,199,90
30,200,24
30,201,125
30,202,211
30,203,115
30,204,97
30,205,35
30,206,6
30,207,42
30,208,197
30,209,116
30,210,18
30,211,24
30,212,68
30,213,151
30,214,63
30,215,52
30,216,112
30,217,128
30,218,71
30,219,146
30,220,88
30,221,39
30,222,27
30,223,211
30,224,359
30,225,580
30,226,141
30,227,159
30,228,8
30,229,11
30,230,41
30,231,50
30,232,206
30,233,67
30,234,148
30,235,43
30,236,16
30,237,103
30,238,79
30,239,451
30,240,85
30,241,432
30,242,70
30,243,11
30,244,38
30,245,399
30,246,3
30,247,60
30,248,46
30,249,11
30,250,107
30,251,118
30,252,54
30,253,56
30,254,79
30,255,5
31,0,145
31,1,424
31,2,81
31,3,231
31,4,79
31,5,59
31,6,41
31,7,39
31,8,13
31,9,55
31,10,196
31,11,58
31,12,94
31,13,53
31,14,65
31,15,97
31,16,23
31,17,26
31,18,1
31,19,93
31,20,138
31,21,4
31,22,267
31,23,125
31,24,139
31,25,36
31,26,167
31,27,24
31,28,80
31,29,156
31,30,83
31,31,71
31,32,149
31,33,421
31,34,245
31,35,95
31,36,386
31,37,86
31,38,115
31,39,77
31,40,29
31,41,168
31,42,30
31,43,67
31,44,71
31,45,24
31,46,2
31,47,27
31,48,23
31,49,123
31,50,151
31,51,175
31,52,52
31,53,10
31,54,192
31,55,80
31,56,71
31,57,44
31,58,5
31,59,499
31,60,122
31,61,94
31,62,5
31,63,17
31,64,16
31,65,29
31,66,38
31,67,259
31,68,14
31,69,46
31,70,231
31,71,27
31,72,17
31,73,9
31,74,49
31,75,135
31,76,26
31,77,82
31,78,124
31,79,216
31,80,207
31,81,83
31,82,113
31,83,171
31,84,116
31,85,229
31,86,22
31,87,33
31,88,472
31,89,68
31,90,169
31,91,102
31,92,51
31,93,97
31,94,143
31,95,432
31,96,81
31,97,26
31,98,210
31,99,182
31,100,21
31,101,529
31,102,57
31,103,240
31,104,29
31,105,90
31,106,16
31,107,38
31,108,72
31,109,86
31,110,86
31,111,16
31,112,203
31,113,38
31,114,121
31,115,607
31,116,203
31,117,44
31,118,45
31,120,70
31,121,48
31,122,464
31,123,49
31,124,53
31,125,71
31,126,2
31,127,460
31,128,40
31,129,97
31,130,70
31,131,62
31,132,62
31,133,913
31,134,64
31,135,83
31,136,21
31,137,380
31,138,291
31,139,76
31,140,106
31,141,72
31,142,112
31,143,170
31,144,55
31,145,19
31,146,21
31,147,38
31,148,23
31,149,200
31,150,59
31,151,90
31,152,67
31,153,60
31,154,270
31,155,58
31,156,45
31,157,340
31,158,592
31,159,76
31,160,260
31,161,38
31,162,322
31,163,373
31,164,42
31,165,215
31,166,84
31,167,226
31,168,25
31,169,58
31,170,49
31,171,43
31,172,111
31,173,228
31,174,348
31,175,40
31,176,77
31,177,737
31,178,102
31,179,14
31,180,325
31,181,18
31,182,25
31,183,433
31,184,158
31,185,3
31,186,265
31,187,10
31,188,51
31,189,17
31,190,89
31,191,133
31,192,350
31,193,60
31,194,166
31,195,32
31,196,10
31,197,16
31,198,6
31,199,99
31,200,42
31,201,202
31,202,113
31,203,52
31,204,149
31,205,72
31,206,180
31,207,136
31,208,22
31,209,62
31,210,39
31,211,25
31,212,77
31,213,39
31,214,80
31,215,95
31,216,4
31,217,7
31,218,53
31,219,152
31,220,130
31,221,429
31,222,157
31,223,6
31,224,107
31,225,54
31,226,310
31,227,77
31,228,188
31,229,79
31,230,8
31,231,113
31,232,54
31,233,117
31,234,57
31,235,26
31,236,59
31,237,79
31,238,414
31,239,58
31,240,371
31,241,39
31,242,392
31,243,60
31,244,20
31,245,17
31,246,161
31,247,127
31,248,70
31,249,84
31,250,41
31,251,25
31,252,14
31,253,11
31,254,154
31,255,52
32,0,10
32,1,15
32,2,131
32,3,200
32,4,86
32,5,172
32,6,27
32,7,264
32,8,27
32,9,47
32,10,90
32,11,51
32,12,170
32,13,21
32,14,209
32,15,256
32,16,432
32,17,123
32,18,171
32,19,117
32,20,55
32,21,44
32,22,31
32,23,224
32,24,106
32,25,52
32,26,102
32,27,137
32,28,118
32,29,126
32,30,160
32,31,810
32,32,21
32,33,498
32,34,151
32,35,315
32,36,1
32,37,71
32,38,128
32,39,3
32,40,28
32,41,225
32,42,66
32,43,235
32,44,78
32,45,134
32,46,76
32,47,379
32,48,45
32,49,17
32,50,38
32,51,39
32,52,205
32,53,142
32,54,138
32,55,10
32,56,68
32,57,93
32,58,83
32,59,307
32,60,213
32,61,42
32,62,2
32,63,19
32,64,134
32,65,35
32,66,1148
32,67,462
32,68,82
32,69,3
32,70,155
32,71,182
32,72,141
32,73,338
32,74,376
32,75,122
32,76,93
32,77,2
32,78,118
32,79,6
32,80,82
32,81,11
32,82,254
32,83,65
32,84,86
32,85,242
32,86,144
32,87,16
32,88,113
32,89,134
32,90,167
32,91,16
32,92,198
32,93,13
32,94,7
32,95,162
32,96,39
32,97,12
32,98,58
32,99,72
32,100,8
32,101,66
32,102,20
32,103,31
32,104,117
32,105,235
32,106,71
32,107,7
32,108,441
32,109,227
32,110,49
32,111,180
32,112,127
32,113,74
32,114,11
32,115,31
32,116,69
32,117,241
32,118,16
32,119,146
32,120,151
32,121,41
32,122,55
32,123,281
32,124,73
32,125,78
32,126,1
32,127,331
32,128,143
32,129,56
32,130,33
32,131,12
32,132,182
32,133,56
32,134,54
32,135,60
32,136,225
32,137,180
32,138,81
32,139,73
32,140,168
32,141,5
32,142,27
32,143,37
32,144,130
32,145,15
32,146,273
32,147,29
32,148,67
32,149,139
32,150,117
32,151,121
32,152,115
32,153,18
32,154,148
32,155,71
32,156,131
32,157,110
32,158,162
32,159,121
32,160,191
32,161,43
32,162,147
32,163,90
32,164,191
32,165,78
32,166,71
32,167,22
32,168,26
32,169,18
32,170,45
32,171,10
32,172,50
32,173,96
32,174,86
32,175,95
32,176,9
32,177,36
32,178,131
32,179,201
32,180,149
32,181,161
32,182,18
32,183,86
32,184,160
32,185,202
32,186,40
32,187,12
32,188,132
32,190,12
32,191,53
32,192,35
32,193,25
32,194,113
32,195,138
32,196,154
32,197,148
32,198,171
32,199,98
32,200,47
32,201,39
32,202,146
32,203,193
32,204,334
32,205,96
32,206,55
32,207,2
32,208,71
32,209,152
32,210,227
32,211,109
32,212,35
32,213,71
32,214,62
32,215,361
32,216,125
32,217,58
32,218,78
32,219,45
32,220,468
32,221,71
32,222,12
32,223,59
32,224,68
32,225,83
32,226,336
32,227,40
32,228,201
32,229,28
32,230,95
32,231,35
32,232,95
32,233,379
32,234,2
32,235,100
32,236,479
32,237,293
32,238,63
32,239,6
32,240,11
32,241,204
32,242,50
32,243,2
32,244,458
32,245,72
32,246,120
32,247,159
32,248,48
32,249,24
32,250,278
32,251,147
32,252,173
32,253,8
32,254,77
32,255,280
33,0,388
33,1,4
33,2,7
33,4,130
33,5,343
33,6,71
33,7,20
33,8,1
33,9,91
33,10,3
33,11,168
33,12,18
33,13,227
33,14,5
33,15,63
33,16,34
33,17,160
33,18,129
33,19,75
33,20,5
33,21,21
33,22,67
33,23,136
33,24,24
33,25,91
33,26,27
33,27,404
33,28,104
33,29,13
33,30,317
33,31,19
33,32,299
33,33,186
33,34,6
33,35,140
33,36,169
33,37,162
33,38,19
33,39,125
33,40,37
33,41,115
33,42,106
33,43,210
33,44,31
33,45,3
33,46,26
33,47,108
33,48,28
33,49,120
33,50,282
33,51,264
33,52,110
33,53,234
33,54,130
33,55,143
33,56,210
33,57,106
33,58,65
33,59,191
33,60,71
33,61,362
33,62,106
33,63,89
33,64,135
33,65,8
33,66,396
33,67,49
33,68,106
33,69,5
33,70,398
33,71,151
33,72,202
33,73,45
33,74,138
33,75,354
33,76,117
33,77,91
33,78,46
33,79,390
33,80,3
33,81,533
33,82,127
33,83,128
33,84,122
33,85,299
33,86,219
33,87,263
33,88,230
33,89,7
33,90,140
33,91,8
33,92,234
33,93,173
33,94,149
33,95,298
33,96,74
33,97,157
33,98,159
33,99,184
33,100,24
33,101,70
33,102,201
33,103,155
33,104,166
33,105,185
33,106,87
33,107,104
33,108,140
33,109,46
33,110,305
33,111,44
33,112,58
33,113,110
33,114,143
33,115,271
33,116,58
33,117,104
33,118,24
33,119,33
33,120,3
33,121,54
33,122,17
33,123,115
33,124,49
33,125,14
33,126,76
33,127,511
33,128,52
33,129,93
33,130,117
33,131,8
33,132,146
33,133,164
33,134,10
33,135,15
33,136,53
33,137,1076
33,138,36
33,139,191
33,140,81
33,141,35
33,142,13
33,143,86
33,144,45
33,145,25
33,146,1065
33,147,132
33,148,1
33,149,68
33,150,16
33,151,67
33,152,82
33,153,6
33,154,23
33,155,79
33,156,63
33,157,28
33,158,23
33,159,12
33,160,18
33,161,202
33,162,100
33,164,324
33,165,93
33,166,34
33,167,127
33,168,48
33,169,13
33,170,65
33,171,2
33,172,42
33,173,143
33,174,2
33,175,256
33,176,57
33,177,89
33,178,64
33,179,41
33,180,632
33,181,244
33,182,96
33,183,75
33,184,82
33,185,9
33,186,67
33,187,216
33,188,30
33,189,413
33,190,184
33,191,38
33,192,468
33,193,24
33,194,33
33,195,158
33,196,9
33,197,40
33,198,125
33,199,11
33,200,186
33,201,45
33,202,515
33,203,241
33,204,309
33,205,70
33,206,213
33,207,91
33,208,29
33,209,63
33,210,174
33,211,17
33,212,17
33,213,63
33,214,117
33,215,60
33,216,6
33,217,104
33,218,66
33,219,79
33,220,128
33,221,43
33,222,7
33,223,54
33,224,39
33,225,36
33,226,13
33,227,415
33,228,37
33,229,45
33,230,31
33,231,30
33,232,87
33,233,26
33,234,196
33,235,38
33,236,228
33,237,151
33,238,67
33,239,48
33,240,86
33,241,150
33,242,7
33,243,28
33,244,157
33,245,29
33,246,20
33,247,119
33,248,7
33,249,23
33,250,152
33,251,177
33,252,157
33,253,139
33,254,46
33,255,163
34,0,116
34,1,234
34,2,42
34,3,157
34,4,61
34,5,200
34,6,112
34,7,147
34,8,63
34,9,56
34,10,620
34,11,202
34,12,126
34,13,323
34,14,113
34,15,130
34,16,506
34,17,52
34,18,187
34,19,88
34,20,170
34,21,127
34,22,20
34,23,101
34,24,28
34,25,53
34,26,134
34,27,378
34,28,22
34,29,88
34,30,6
34,31,93
34,32,131
34,33,382
34,34,80
34,35,3
34,36,13
34,37,123
34,38,100
34,39,1
34,40,51
34,41,116
34,42,45
34,43,13
34,44,239
34,45,73
34,46,215
34,47,11
34,48,84
34,49,47
34,50,74
34,51,102
34,52,281
34,53,109
34,54,155
34,55,61
34,56,128
34,57,80
34,58,132
34,59,10
34,61,28
34,62,62
34,63,133
34,64,42
34,65,39
34,66,348
34,67,85
34,68,82
34,69,233
34,70,13
34,71,1
34,72,189
34,73,156
34,74,365
34,75,17
34,76,40
34,77,129
34,78,16
34,79,21
34,80,67
34,81,76
34,82,158
34,83,22
34,84,56
34,85,131
34,86,38
34,87,5
34,88,127
34,89,7
34,90,111
34,91,281
34,92,100
34,93,222
34,94,64
34,95,32
34,96,80
34,97,103
34,98,234
34,99,500
34,100,47
34,101,40
34,102,33
34,103,57
34,104,22
34,105,284
34,106,11
34,107,37
34,108,1623
34,109,116
34,110,65
34,111,9
34,112,63
34,113,150
34,114,40
34,115,7
34,116,214
34,117,23
34,118,45
34,120,266
34,121,366
34,122,183
34,123,268
34,124,4
34,125,247
34,126,128
34,127,11
34,128,182
34,129,46
34,130,194
34,131,87
34,132,286
34,133,87
34,134,45
34,135,15
34,136,150
34,137,212
34,138,195
34,139,1
34,140,161
34,141,145
34,142,42
34,143,154
34,144,77
34,146,5
34,148,9
34,149,38
34,150,339
34,151,45
34,152,107
34,153,99
34,154,327
34,155,55
34,157,18
34,158,36
34,159,46
34,160,151
34,161,99
34,162,119
34,163,28
34,164,105
34,165,100
34,166,179
34,167,25
34,168,142
34,169,62
34,170,15
34,171,33
34,172,155
34,173,67
34,174,60
34,175,48
34,176,132
34,177,145
34,178,8
34,179,459
34,180,42
34,181,221
34,182,175
34,183,167
34,184,81
34,185,108
34,186,160
34,187,143
34,188,86
34,189,35
34,190,19
34,191,188
34,192,131
34,193,7
34,194,148
34,195,221
34,196,41
34,197,42
34,198,11
34,199,64
34,200,8
34,201,129
34,202,61
34,203,119
34,204,99
34,205,60
34,206,154
34,207,69
34,208,66
34,209,9
34,210,205
34,211,102
34,212,183
34,213,94
34,214,99
34,215,114
34,216,66
34,217,48
34,218,263
34,219,109
34,220,12
34,221,2
34,222,101
34,223,307
34,224,14
34,225,163
34,226,162
34,227,176
34,228,46
34,229,62
34,230,43
34,231,168
34,232,30
34,233,15
34,234,228
34,235,54
34,236,13
34,238,197
34,239,23
34,240,182
34,241,89
34,242,13
34,243,198
34,244,347
34,245,296
34,246,576
34,247,340
34,248,20
34,249,149
34,250,115
34,251,68
34,252,267
34,253,12
34,254,391
34,255,205
35,0,44
35,1,68
35,2,34
35,3,19
35,4,10
35,5,54
35,6,8
35,7,169
35,8,168
35,9,49
35,10,103
35,11,71
35,12,36
35,13,35
35,14,79
35,15,108
35,16,298
35,17,70
35,18,95
35,19,23
35,20,24
35,21,159
35,22,96
35,23,37
35,24,183
35,25,12
35,26,4
35,27,329
35,28,13
35,29,124
35,30,42
35,31,356
35,32,20
35,33,303
35,34,80
35,35,74
35,36,224
35,37,28
35,38,143
35,39,89
35,40,77
35,41,76
35,42,128
35,43,262
35,44,129
35,46,120
35,47,48
35,48,64
35,49,141
35,50,2
35,51,8
35,52,55
35,53,372
35,54,6
35,55,12
35,56,66
35,57,145
35,58,193
35,59,13
35,60,21
35,61,22
35,62,212
35,63,202
35,64,897
35,65,503
35,66,94
35,67,516
35,68,45
35,69,244
35,70,7
35,71,47
35,72,181
35,73,1
35,74,107
35,75,42
35,76,75
35,77,178
35,78,165
35,79,145
35,80,42
35,81,62
35,82,12
35,83,131
35,84,146
35,85,36
35,86,79
35,87,125
35,88,30
35,89,166
35,90,38
35,91,19
35,92,7
35,93,293
35,94,27
35,95,128
35,96,157
35,97,99
35,98,11
35,99,64
35,100,6
35,101,93
35,102,124
35,103,46
35,104,192
35,105,59
35,106,104
35,107,105
35,108,28
35,109,1
35,110,35
35,111,15
35,112,262
35,113,8
35,114,95
35,115,212
35,116,252
35,117,118
35,118,26
35,119,168
35,120,105
35,121,110
35,122,5
35,123,30
35,124,9
35,125,9
35,126,49
35,127,42
35,128,253
35,129,670
35,130,130
35,131,15
35,132,112
35,133,568
35,134,126
35,135,45
35,136,213
35,137,146
35,138,74
35,139,150
35,140,259
35,141,19
35,142,243
35,143,5
35,144,5
35,145,45
35,146,60
35,147,17
35,148,182
35,149,131
35,151,9
35,152,107
35,153,55
35,154,96
35,155,104
35,156,39
35,157,144
35,158,70
35,159,27
35,160,80
35,162,68
35,163,46
35,164,20
35,165,6
35,166,20
35,167,649
35,168,58
35,169,284
35,170,130
35,171,648
35,172,26
35,173,262
35,174,509
35,175,5
35,176,80
35,177,3
35,178,10
35,179,20
35,180,180
35,181,296
35,182,158
35,183,47
35,184,23
35,185,154
35,186,64
35,187,75
35,188,19
35,189,98
35,190,175
35,191,249
35,192,9
35,193,44
35,194,54
35,195,330
35,196,113
35,197,281
35,198,152
35,199,93
35,200,47
35,201,20
35,202,474
35,203,174
35,204,27
35,205,2
35,206,33
35,207,17
35,208,110
35,209,233
35,210,88
35,211,32
35,212,114
35,213,230
35,214,68
35,215,530
35,217,324
35,218,149
35,219,25
35,220,15
35,221,28
35,222,100
35,223,48
35,224,124
35,225,412
35,226,21
35,227,11
35,228,51
35,229,183
35,230,28
35,231,82
35,232,80
35,233,141
35,234,83
35,235,501
35,236,8
35,237,4
35,238,71
35,239,388
35,240,98
35,241,437
35,242,25
35,243,28
35,244,83
35,245,228
35,246,27
35,247,18
35,248,113
35,249,186
35,250,93
35,251,204
35,252,63
35,253,322
35,254,793
35,255,19
36,0,130
36,1,51
36,2,79
36,3,27
36,4,218
36,5,87
36,6,1
36,7,64
36,8,74
36,9,128
36,10,339
36,11,8
36,12,36
36,13,46
36,14,55
36,15,307
36,16,75
36,17,118
36,18,44
36,19,175
36,20,315
36,21,97
36,22,25
36,23,47
36,24,63
36,25,199
36,26,311
36,27,107
36,28,139
36,29,71
36,30,102
36,31,295
36,32,267
36,33,4
36,34,56
36,35,44
36,36,27
36,37,129
36,38,16
36,39,224
36,40,105
36,41,9
36,42,2
36,43,62
36,44,97
36,45,402
36,46,7
36,47,170
36,48,135
36,49,83
36,50,517
36,51,22
36,52,49
36,53,19
36,54,31
36,55,121
36,56,39
36,57,49
36,58,13
36,59,87
36,60,234
36,61,179
36,62,322
36,63,44
36,64,73
36,65,94
36,66,16
36,67,45
36,68,36
36,69,52
36,70,237
36,72,24
36,73,116
36,74,272
36,75,912
36,76,139
36,77,240
36,78,157
36,79,101
36,80,202
36,81,184
36,82,19
36,83,77
36,84,276
36,85,220
36,86,102
36,87,361
36,88,28
36,89,27
36,92,189
36,93,338
36,94,220
36,95,40
36,96,21
36,97,78
36,98,40
36,99,93
36,100,6
36,101,64
36,102,161
36,103,129
36,104,9
36,105,93
36,106,81
36,107,82
36,108,2
36,109,69
36,110,362
36,111,54
36,112,104
36,113,160
36,114,39
36,115,141
36,116,32
36,117,50
36,118,654
36,119,70
36,120,135
36,121,61
36,122,191
36,123,29
36,124,202
36,125,146
36,126,158
36,127,83
36,128,36
36,129,78
36,130,138
36,131,63
36,132,5
36,133,72
36,134,139
36,135,325
36,136,128
36,137,64
36,138,151
36,139,14
36,140,56
36,141,115
36,142,174
36,143,104
36,144,191
36,145,116
36,146,37
36,147,101
36,148,100
36,149,82
36,150,41
36,151,52
36,152,94
36,153,194
36,154,505
36,155,101
36,156,9
36,157,314
36,158,800
36,159,212
36,160,37
36,161,72
36,162,16
36,163,65
36,164,344
36,165,415
36,166,131
36,167,176
36,168,157
36,169,43
36,170,56
36,171,53
36,172,73
36,173,32
36,174,9
36,175,6
36,176,22
36,177,30
36,178,318
36,179,14
36,181,128
36,182,5
36,183,34
36,184,3
36,185,92
36,186,464
36,187,37
36,188,613
36,189,42
36,190,159
36,191,148
36,192,291
36,193,5
36,194,279
36,195,54
36,196,120
36,198,71
36,199,296
36,200,3
36,201,81
36,202,5
36,203,222
36,204,20
36,205,88
36,206,38
36,207,109
36,208,55
36,209,1
36,210,9
36,211,61
36,212,125
36,213,377
36,214,208
36,215,20
36,216,74
36,217,56
36,218,28
36,219,75
36,220,71
36,221,91
36,222,280
36,223,1
36,224,111
36,225,98
36,226,182
36,227,178
36,228,89
36,229,305
36,230,123
36,231,146
36,232,126
36,233,62
36,234,109
36,235,158
36,237,169
36,238,120
36,239,135
36,240,81
36,241,70
36,242,287
36,243,9
36,244,25
36,245,140
36,246,78
36,247,23
36,248,110
36,249,46
36,250,70
36,251,134
36,252,114
36,253,141
36,254,46
36,255,54
37,0,4
37,1,396
37,2,86
37,3,16
37,4,47
37,5,428
37,6,53
37,7,7
37,8,726
37,9,10
37,11,14
37,12,10
37,13,84
37,14,49
37,15,60
37,16,177
37,17,47
37,18,97
37,19,95
37,20,208
37,21,305
37,22,660
37,23,106
37,24,345
37,25,187
37,26,17
37,27,186
37,28,296
37,29,100
37,30,32
37,31,40
37,32,279
37,33,52
37,34,156
37,35,292
37,36,142
37,37,4
37,38,45
37,39,274
37,40,11
37,42,110
37,43,52
37,44,36
37,46,15
37,47,6
37,48,124
37,49,28
37,50,73
37,51,123
37,52,207
37,53,194
37,54,95
37,55,650
37,56,63
37,57,17
37,58,223
37,59,73
37,60,23
37,61,181
37,62,65
37,63,72
37,64,990
37,65,143
37,66,106
37,67,85
37,68,30
37,69,323
37,70,48
37,71,138
37,72,253
37,73,20
37,74,321
37,75,52
37,76,49
37,77,78
37,78,180
37,79,2
37,80,178
37,81,63
37,82,24
37,83,26
37,84,36
37,85,81
37,86,71
37,87,2
37,88,71
37,89,121
37,90,69
37,91,112
37,92,124
37,93,25
37,94,10
37,95,108
37,96,148
37,97,51
37,98,57
37,99,187
37,100,115
37,101,270
37,102,139
37,103,607
37,104,258
37,105,70
37,106,7
37,107,30
37,108,49
37,109,172
37,110,194
37,111,190
37,112,20
37,113,151
37,114,27
37,115,296
37,116,78
37,117,55
37,118,105
37,119,76
37,120,65
37,121,76
37,122,295
37,123,75
37,124,334
37,125,77
37,126,104
37,127,147
37,128,33
37,129,248
37,130,104
37,131,10
37,132,209
37,133,151
37,134,193
37,135,66
37,136,33
37,137,144
37,138,62
37,139,44
37,140,14
37,141,275
37,142,1
37,143,90
37,144,130
37,145,119
37,146,32
37,147,36
37,148,71
37,149,113
37,150,28
37,151,62
37,152,77
37,153,4
37,154,7
37,155,1
37,156,120
37,157,29
37,158,95
37,159,54
37,160,592
37,161,95
37,162,187
37,163,197
37,164,107
37,165,1227
37,166,90
37,167,4
37,168,3
37,169,278
37,170,141
37,171,480
37,172,234
37,173,28
37,174,17
37,175,294
37,176,76
37,177,19
37,178,148
37,179,64
37,180,55
37,181,78
37,182,115
37,183,18
37,184,39
37,185,30
37,186,54
37,187,10
37,188,9
37,189,172
37,190,109
37,191,22
37,192,45
37,193,44
37,194,92
37,195,44
37,196,184
37,197,2
37,198,165
37,199,714
37,200,64
37,201,117
37,202,114
37,203,5
37,204,13
37,205,32
37,206,83
37,207,54
37,208,73
37,209,55
37,211,40
37,212,50
37,213,354
37,214,66
37,215,90
37,216,1
37,217,57
37,218,499
37,219,107
37,220,104
37,221,30
37,222,20
37,223,5
37,224,54
37,225,19
37,226,66
37,227,142
37,228,2
37,229,83
37,230,19
37,231,47
37,232,172
37,233,70
37,234,196
37,235,137
37,236,22
37,237,101
37,238,356
37,239,93
37,240,148
37,241,76
37,242,41
37,243,281
37,244,108
37,245,147
37,246,8
37,247,138
37,248,129
37,249,3
37,250,36
37,251,8
37,252,135
37,253,5
37,254,57
37,255,46
38,0,226
38,1,5
38,2,1
38,3,4
38,4,46
38,5,53
38,6,20
38,7,88
38,8,243
38,9,85
38,10,111
38,11,52
38,12,212
38,13,47
38,14,80
38,16,17
38,17,57
38,18,157
38,20,100
38,21,25
38,22,136
38,23,163
38,24,81
38,25,134
38,27,168
38,28,21
38,29,2
38,30,94
38,31,112
38,32,184
38,33,36
38,34,28
38,35,159
38,36,17
38,37,125
38,39,13
38,40,95
38,41,72
38,42,25
38,43,139
38,44,31
38,45,125
38,46,90
38,47,20
38,48,54
38,49,77
38,50,78
38,51,41
38,52,100
38,53,16
38,54,46
38,55,143
38,56,132
38,57,106
38,58,60
38,59,15
38,60,305
38,61,262
38,62,28
38,63,97
38,64,218
38,65,23
38,66,47
38,67,105
38,68,321
38,69,67
38,70,28
38,71,135
38,72,173
38,73,180
38,74,72
38,75,194
38,76,20
38,77,209
38,78,72
38,79,277
38,80,93
38,81,22
38,82,90
38,83,83
38,84,82
38,85,32
38,86,87
38,87,244
38,88,211
38,89,31
38,90,13
38,91,104
38,92,229
38,93,113
38,94,203
38,95,16
38,96,144
38,97,40
38,98,64
38,99,185
38,100,8
38,101,100
38,102,178
38,103,460
38,104,318
38,105,113
38,106,31
38,107,19
38,108,58
38,109,299
38,110,7
38,111,61
38,112,188
38,113,126
38,114,41
38,115,137
38,116,3
38,117,138
38,118,681
38,119,88
38,120,159
38,121,75
38,122,251
38,123,62
38,124,133
38,125,26
38,126,144
38,127,767
38,128,177
38,129,3
38,131,136
38,132,200
38,133,129
38,134,50
38,135,239
38,136,152
38,137,73
38,138,148
38,139,56
38,140,54
38,141,33
38,142,20
38,143,502
38,144,174
38,145,18
38,146,68
38,147,82
38,148,204
38,149,179
38,150,81
38,151,114
38,152,4
38,153,23
38,154,96
38,155,1
38,156,102
38,157,126
38,158,160
38,159,525
38,160,162
38,161,71
38,163,42
38,164,34
38,165,127
38,166,149
38,167,25
38,168,110
38,169,220
38,170,5
38,171,223
38,172,3
38,173,590
38,174,85
38,175,62
38,176,195
38,177,206
38,178,7
38,179,40
38,180,211
38,181,11
38,182,207
38,183,7
38,184,248
38,185,226
38,186,39
38,187,284
38,188,21
38,189,29
38,190,52
38,191,493
38,192,61
38,193,216
38,194,11
38,195,93
38,196,121
38,197,90
38,198,611
38,199,24
38,200,182
38,201,54
38,202,204
38,203,5
38,204,69
38,205,424
38,206,33
38,207,121
38,208,1
38,209,1343
38,210,23
38,211,26
38,212,306
38,213,21
38,214,1
38,215,168
38,216,56
38,217,68
38,218,11
38,219,172
38,220,110
38,221,58
38,222,129
38,223,90
38,224,10
38,225,10
38,226,62
38,227,96
38,228,39
38,229,27
38,230,122
38,231,5
38,232,46
38,233,572
38,234,85
38,235,25
38,236,189
38,237,132
38,238,22
38,239,365
38,240,2
38,241,74
38,242,62
38,243,136
38,244,13
38,245,72
38,246,1
38,247,4
38,248,42
38,249,140
38,250,182
38,251,308
38,252,512
38,253,18
38,254,404
38,255,3
39,0,2
39,1,87
39,2,109
39,3,9
39,4,14
39,5,48
39,6,186
39,7,54
39,8,223
39,9,61
39,10,316
39,11,180
39,12,123
39,13,119
39,14,21
39,15,53
39,16,175
39,17,149
39,18,86
39,19,40
39,20,127
39,21,94
39,22,504
39,23,179
39,24,39
39,25,381
39,26,4
39,27,84
39,28,1
39,29,79
39,30,327
39,31,101
39,32,205
39,33,52
39,34,372
39,35,50
39,36,70
39,37,121
39,38,224
39,39,64
39,40,205
39,41,204
39,42,107
39,43,5
39,44,194
39,45,299
39,46,68
39,47,104
39,48,167
39,49,27
39,50,82
39,51,1
39,52,17
39,53,43
39,54,3
39,55,68
39,56,75
39,57,395
39,58,54
39,59,68
39,60,28
39,61,8
39,62,127
39,63,71
39,64,29
39,65,56
39,66,78
39,67,93
39,68,38
39,69,175
39,70,753
39,71,11
39,72,93
39,73,109
39,74,96
39,75,151
39,76,169
39,77,219
39,78,296
39,79,66
39,80,154
39,81,63
39,83,53
39,84,207
39,85,65
39,86,29
39,87,58
39,88,123
39,89,53
39,90,155
39,91,167
39,92,98
39,93,43
39,94,9
39,95,150
39,96,243
39,97,371
39,98,141
39,99,244
39,100,407
39,101,79
39,102,8
39,103,206
39,104,59
39,105,88
39,106,60
39,107,121
39,108,60
39,109,154
39,110,249
39,112,138
39,113,132
39,114,102
39,115,76
39,116,231
39,117,331
39,118,175
39,119,22
39,120,186
39,121,6
39,122,100
39,123,333
39,124,17
39,125,85
39,126,26
39,127,198
39,128,63
39,129,212
39,130,94
39,131,25
39,132,58
39,133,96
39,134,129
39,135,1
39,136,117
39,137,127
39,138,117
39,139,106
39,140,197
39,141,110
39,142,69
39,143,3
39,144,94
39,145,149
39,146,62
39,147,16
39,148,110
39,149,20
39,150,230
39,151,61
39,152,28
39,153,14
39,154,213
39,155,41
39,156,45
39,157,46
39,158,213
39,159,41
39,160,139
39,161,30
39,162,290
39,163,175
39,164,89
39,165,126
39,166,120
39,167,149
39,168,98
39,169,54
39,170,13
39,171,155
39,172,13
39,173,132
39,174,27
39,175,158
39,176,272
39,177,96
39,178,94
39,179,129
39,180,29
39,181,48
39,182,39
39,183,53
39,184,303
39,185,10
39,186,142
39,187,238
39,188,60
39,189,115
39,190,183
39,191,177
39,192,134
39,193,325
39,194,22
39,195,308
39,196,29
39,197,57
39,198,73
39,199,55
39,200,76
39,201,121
39,202,72
39,203,53
39,204,408
39,205,86
39,206,260
39,207,10
39,208,93
39,209,40
39,210,76
39,211,182
39,212,8
39,213,42
39,214,7
39,215,32
39,216,116
39,217,71
39,218,119
39,219,68
39,220,2
39,221,145
39,222,140
39,223,330
39,224,142
39,225,242
39,226,112
39,227,138
39,228,209
39,229,7
39,230,217
39,231,116
39,232,21
39,233,7
39,234,56
39,235,737
39,236,44
39,237,59
39,238,197
39,239,245
39,240,77
39,241,53
39,242,78
39,243,313
39,244,132
39,245,151
39,246,88
39,247,33
39,248,179
39,249,40
39,250,96
39,251,57
39,252,8
39,253,250
39,254,238
39,255,327
